t (s),<greek>z</greek> (m)
5.000000E-01,0.000000E+00
1.000000E+00,-3.036378E-04
1.500000E+00,-1.082026E-03
2.000000E+00,-2.078684E-03
2.500000E+00,-2.926777E-03
3.000000E+00,-3.123455E-03
3.500000E+00,-2.032741E-03
4.000000E+00,1.078696E-03
4.500000E+00,6.976279E-03
5.000000E+00,1.637274E-02
5.500000E+00,2.983779E-02
6.000000E+00,4.771706E-02
6.500000E+00,7.007293E-02
7.000000E+00,9.665538E-02
7.500000E+00,1.269057E-01
8.000000E+00,1.599903E-01
8.500000E+00,1.948582E-01
9.000000E+00,2.303116E-01
9.500000E+00,2.650796E-01
1.000000E+01,2.978828E-01
1.050000E+01,3.274788E-01
1.100000E+01,3.526798E-01
1.150000E+01,3.723352E-01
1.200000E+01,3.852792E-01
1.250000E+01,3.902458E-01
1.300000E+01,3.857662E-01
1.350000E+01,3.700703E-01
1.400000E+01,3.410240E-01
1.450000E+01,2.961408E-01
1.500000E+01,2.327042E-01
1.550000E+01,1.480260E-01
1.600000E+01,3.984882E-02
1.650000E+01,-9.313152E-02
1.700000E+01,-2.506810E-01
1.750000E+01,-4.304699E-01
1.800000E+01,-6.276545E-01
1.850000E+01,-8.347160E-01
1.900000E+01,-1.041652E+00
1.950000E+01,-1.236578E+00
2.000000E+01,-1.406718E+00
2.050000E+01,-1.539704E+00
2.100000E+01,-1.625029E+00
2.150000E+01,-1.655417E+00
2.200000E+01,-1.627908E+00
2.250000E+01,-1.544427E+00
2.300000E+01,-1.411708E+00
2.350000E+01,-1.240532E+00
2.400000E+01,-1.044347E+00
2.450000E+01,-8.374842E-01
2.500000E+01,-6.332340E-01
2.550000E+01,-4.420967E-01
2.600000E+01,-2.705112E-01
2.650000E+01,-1.202684E-01
2.700000E+01,1.129300E-02
2.750000E+01,1.303563E-01
2.800000E+01,2.451410E-01
2.850000E+01,3.641363E-01
2.900000E+01,4.943723E-01
2.950000E+01,6.400223E-01
3.000000E+01,8.015585E-01
3.050000E+01,9.755610E-01
3.100000E+01,1.155159E+00
3.150000E+01,1.330970E+00
3.200000E+01,1.492326E+00
3.250000E+01,1.628567E+00
3.300000E+01,1.730188E+00
3.350000E+01,1.789721E+00
3.400000E+01,1.802288E+00
3.450000E+01,1.765859E+00
3.500000E+01,1.681289E+00
3.550000E+01,1.552205E+00
3.600000E+01,1.384827E+00
3.650000E+01,1.187728E+00
3.700000E+01,9.714952E-01
3.750000E+01,7.482339E-01
3.800000E+01,5.308431E-01
3.850000E+01,3.320353E-01
3.900000E+01,1.631412E-01
3.950000E+01,3.282192E-02
4.000000E+01,-5.411825E-02
4.050000E+01,-9.758937E-02
4.100000E+01,-1.025326E-01
4.150000E+01,-7.855690E-02
4.200000E+01,-3.887262E-02
4.250000E+01,1.362173E-03
4.300000E+01,2.704251E-02
4.350000E+01,2.513876E-02
4.400000E+01,-1.360372E-02
4.450000E+01,-9.357821E-02
4.500000E+01,-2.140169E-01
4.550000E+01,-3.694959E-01
4.600000E+01,-5.511021E-01
4.650000E+01,-7.479956E-01
4.700000E+01,-9.490320E-01
4.750000E+01,-1.144123E+00
4.800000E+01,-1.325092E+00
4.850000E+01,-1.485927E+00
4.900000E+01,-1.622461E+00
4.950000E+01,-1.731668E+00
5.000000E+01,-1.810831E+00
5.050000E+01,-1.856857E+00
5.100000E+01,-1.866412E+00
5.150000E+01,-1.835586E+00
5.200000E+01,-1.759952E+00
5.250000E+01,-1.635921E+00
5.300000E+01,-1.461741E+00
5.350000E+01,-1.238365E+00
5.400000E+01,-9.699747E-01
5.450000E+01,-6.640361E-01
5.500000E+01,-3.308806E-01
5.550000E+01,1.711104E-02
5.600000E+01,3.665476E-01
5.650000E+01,7.040943E-01
5.700000E+01,1.017386E+00
5.750000E+01,1.295667E+00
5.800000E+01,1.530124E+00
5.850000E+01,1.713956E+00
5.900000E+01,1.842297E+00
5.950000E+01,1.912117E+00
6.000000E+01,1.922217E+00
6.050000E+01,1.873377E+00
6.100000E+01,1.768626E+00
6.150000E+01,1.613550E+00
6.200000E+01,1.416483E+00
6.250000E+01,1.188451E+00
6.300000E+01,9.427307E-01
6.350000E+01,6.940010E-01
6.400000E+01,4.571357E-01
6.450000E+01,2.457801E-01
6.500000E+01,7.092697E-02
6.550000E+01,-6.027415E-02
6.600000E+01,-1.452639E-01
6.650000E+01,-1.862384E-01
6.700000E+01,-1.896947E-01
6.750000E+01,-1.654289E-01
6.800000E+01,-1.251529E-01
6.850000E+01,-8.095775E-02
6.900000E+01,-4.386369E-02
6.950000E+01,-2.266722E-02
7.000000E+01,-2.322576E-02
7.050000E+01,-4.823128E-02
7.100000E+01,-9.743511E-02
7.150000E+01,-1.682144E-01
7.200000E+01,-2.563292E-01
7.250000E+01,-3.567135E-01
7.300000E+01,-4.641674E-01
7.350000E+01,-5.738641E-01
7.400000E+01,-6.816393E-01
7.450000E+01,-7.840763E-01
7.500000E+01,-8.784368E-01
7.550000E+01,-9.624971E-01
7.600000E+01,-1.034351E+00
7.650000E+01,-1.092222E+00
7.700000E+01,-1.134315E+00
7.750000E+01,-1.158714E+00
7.800000E+01,-1.163339E+00
7.850000E+01,-1.145964E+00
7.900000E+01,-1.104306E+00
7.950000E+01,-1.036203E+00
8.000000E+01,-9.398791E-01
8.050000E+01,-8.143112E-01
8.100000E+01,-6.596452E-01
8.150000E+01,-4.776253E-01
8.200000E+01,-2.719483E-01
8.250000E+01,-4.845381E-02
8.300000E+01,1.849302E-01
8.350000E+01,4.185424E-01
8.400000E+01,6.416485E-01
8.450000E+01,8.433552E-01
8.500000E+01,1.013670E+00
8.550000E+01,1.144557E+00
8.600000E+01,1.230819E+00
8.650000E+01,1.270663E+00
8.700000E+01,1.265826E+00
8.750000E+01,1.221240E+00
8.800000E+01,1.144275E+00
8.850000E+01,1.043664E+00
8.900000E+01,9.283033E-01
8.950000E+01,8.061145E-01
9.000000E+01,6.831534E-01
9.050000E+01,5.631180E-01
9.100000E+01,4.473230E-01
9.150000E+01,3.351332E-01
9.200000E+01,2.247685E-01
9.250000E+01,1.143282E-01
9.300000E+01,2.847087E-03
9.350000E+01,-1.088119E-01
9.400000E+01,-2.173940E-01
9.450000E+01,-3.171353E-01
9.500000E+01,-4.001382E-01
9.550000E+01,-4.572116E-01
9.600000E+01,-4.790764E-01
9.650000E+01,-4.577801E-01
9.700000E+01,-3.881273E-01
9.750000E+01,-2.689213E-01
9.800000E+01,-1.038273E-01
9.850000E+01,9.829221E-02
9.900000E+01,3.236571E-01
9.950000E+01,5.544745E-01
1.000000E+02,7.703981E-01
1.005000E+02,9.503901E-01
1.010000E+02,1.074777E+00
1.015000E+02,1.127248E+00
1.020000E+02,1.096554E+00
1.025000E+02,9.776820E-01
1.030000E+02,7.723726E-01
1.035000E+02,4.889179E-01
1.040000E+02,1.412949E-01
1.045000E+02,-2.522206E-01
1.050000E+02,-6.707423E-01
1.055000E+02,-1.092516E+00
1.060000E+02,-1.496482E+00
1.065000E+02,-1.863469E+00
1.070000E+02,-2.176942E+00
1.075000E+02,-2.423300E+00
1.080000E+02,-2.591825E+00
1.085000E+02,-2.674458E+00
1.090000E+02,-2.665579E+00
1.095000E+02,-2.561954E+00
1.100000E+02,-2.362942E+00
1.105000E+02,-2.070957E+00
1.110000E+02,-1.692072E+00
1.115000E+02,-1.236608E+00
1.120000E+02,-7.194719E-01
1.125000E+02,-1.600469E-01
1.130000E+02,4.184852E-01
1.135000E+02,9.904295E-01
1.140000E+02,1.529368E+00
1.145000E+02,2.010250E+00
1.150000E+02,2.411490E+00
1.155000E+02,2.716788E+00
1.160000E+02,2.916371E+00
1.165000E+02,3.007509E+00
1.170000E+02,2.994223E+00
1.175000E+02,2.886287E+00
1.180000E+02,2.697685E+00
1.185000E+02,2.444815E+00
1.190000E+02,2.144693E+00
1.195000E+02,1.813424E+00
1.200000E+02,1.465090E+00
1.205000E+02,1.111141E+00
1.210000E+02,7.602375E-01
1.215000E+02,4.184618E-01
1.220000E+02,8.974067E-02
1.225000E+02,-2.236478E-01
1.230000E+02,-5.205913E-01
1.235000E+02,-8.007308E-01
1.240000E+02,-1.064114E+00
1.245000E+02,-1.310879E+00
1.250000E+02,-1.540912E+00
1.255000E+02,-1.753473E+00
1.260000E+02,-1.946796E+00
1.265000E+02,-2.117736E+00
1.270000E+02,-2.261569E+00
1.275000E+02,-2.372058E+00
1.280000E+02,-2.441860E+00
1.285000E+02,-2.463296E+00
1.290000E+02,-2.429425E+00
1.295000E+02,-2.335254E+00
1.300000E+02,-2.178888E+00
1.305000E+02,-1.962368E+00
1.310000E+02,-1.691993E+00
1.315000E+02,-1.377995E+00
1.320000E+02,-1.033562E+00
1.325000E+02,-6.733178E-01
1.330000E+02,-3.115142E-01
1.335000E+02,3.976980E-02
1.340000E+02,3.720716E-01
1.345000E+02,6.813594E-01
1.350000E+02,9.680431E-01
1.355000E+02,1.236155E+00
1.360000E+02,1.491832E+00
1.365000E+02,1.741375E+00
1.370000E+02,1.989217E+00
1.375000E+02,2.236201E+00
1.380000E+02,2.478463E+00
1.385000E+02,2.707151E+00
1.390000E+02,2.909031E+00
1.395000E+02,3.067902E+00
1.400000E+02,3.166590E+00
1.405000E+02,3.189205E+00
1.410000E+02,3.123312E+00
1.415000E+02,2.961701E+00
1.420000E+02,2.703507E+00
1.425000E+02,2.354555E+00
1.430000E+02,1.926915E+00
1.435000E+02,1.437778E+00
1.440000E+02,9.078354E-01
1.445000E+02,3.594085E-01
1.450000E+02,-1.854442E-01
1.455000E+02,-7.066076E-01
1.460000E+02,-1.187226E+00
1.465000E+02,-1.614551E+00
1.470000E+02,-1.980287E+00
1.475000E+02,-2.280471E+00
1.480000E+02,-2.514953E+00
1.485000E+02,-2.686595E+00
1.490000E+02,-2.800302E+00
1.495000E+02,-2.862028E+00
1.500000E+02,-2.877851E+00
1.505000E+02,-2.853236E+00
1.510000E+02,-2.792538E+00
1.515000E+02,-2.698787E+00
1.520000E+02,-2.573751E+00
1.525000E+02,-2.418250E+00
1.530000E+02,-2.232644E+00
1.535000E+02,-2.017426E+00
1.540000E+02,-1.773823E+00
1.545000E+02,-1.504314E+00
1.550000E+02,-1.213014E+00
1.555000E+02,-9.058416E-01
1.560000E+02,-5.904896E-01
1.565000E+02,-2.761612E-01
1.570000E+02,2.688542E-02
1.575000E+02,3.079653E-01
1.580000E+02,5.567273E-01
1.585000E+02,7.640069E-01
1.590000E+02,9.227191E-01
1.595000E+02,1.028731E+00
1.600000E+02,1.081630E+00
1.605000E+02,1.085290E+00
1.610000E+02,1.048124E+00
1.615000E+02,9.829006E-01
1.620000E+02,9.060479E-01
1.625000E+02,8.364012E-01
1.630000E+02,7.934321E-01
1.635000E+02,7.950952E-01
1.640000E+02,8.555170E-01
1.645000E+02,9.828300E-01
1.650000E+02,1.177488E+00
1.655000E+02,1.431383E+00
1.660000E+02,1.727993E+00
1.665000E+02,2.043675E+00
1.670000E+02,2.350011E+00
1.675000E+02,2.616964E+00
1.680000E+02,2.816438E+00
1.685000E+02,2.925714E+00
1.690000E+02,2.930255E+00
1.695000E+02,2.825435E+00
1.700000E+02,2.616883E+00
1.705000E+02,2.319405E+00
1.710000E+02,1.954615E+00
1.715000E+02,1.547695E+00
1.720000E+02,1.123787E+00
1.725000E+02,7.046268E-01
1.730000E+02,3.059508E-01
1.735000E+02,-6.392032E-02
1.740000E+02,-4.041422E-01
1.745000E+02,-7.201088E-01
1.750000E+02,-1.021201E+00
1.755000E+02,-1.317972E+00
1.760000E+02,-1.619299E+00
1.765000E+02,-1.930002E+00
1.770000E+02,-2.249334E+00
1.775000E+02,-2.570539E+00
1.780000E+02,-2.881510E+00
1.785000E+02,-3.166334E+00
1.790000E+02,-3.407423E+00
1.795000E+02,-3.587805E+00
1.800000E+02,-3.693210E+00
1.805000E+02,-3.713609E+00
1.810000E+02,-3.644052E+00
1.815000E+02,-3.484754E+00
1.820000E+02,-3.240537E+00
1.825000E+02,-2.919830E+00
1.830000E+02,-2.533465E+00
1.835000E+02,-2.093523E+00
1.840000E+02,-1.612402E+00
1.845000E+02,-1.102214E+00
1.850000E+02,-5.745274E-01
1.855000E+02,-4.039771E-02
1.860000E+02,4.894287E-01
1.865000E+02,1.004258E+00
1.870000E+02,1.493254E+00
1.875000E+02,1.945383E+00
1.880000E+02,2.349538E+00
1.885000E+02,2.694834E+00
1.890000E+02,2.971042E+00
1.895000E+02,3.169121E+00
1.900000E+02,3.281795E+00
1.905000E+02,3.304118E+00
1.910000E+02,3.234018E+00
1.915000E+02,3.072752E+00
1.920000E+02,2.825254E+00
1.925000E+02,2.500328E+00
1.930000E+02,2.110615E+00
1.935000E+02,1.672292E+00
1.940000E+02,1.204457E+00
1.945000E+02,7.281758E-01
1.950000E+02,2.652296E-01
1.955000E+02,-1.633645E-01
1.960000E+02,-5.389220E-01
1.965000E+02,-8.465785E-01
1.970000E+02,-1.076505E+00
1.975000E+02,-1.224677E+00
1.980000E+02,-1.293059E+00
1.985000E+02,-1.289160E+00
1.990000E+02,-1.224968E+00
1.995000E+02,-1.115399E+00
2.000000E+02,-9.764561E-01
2.005000E+02,-8.233325E-01
2.010000E+02,-6.687282E-01
2.015000E+02,-5.216073E-01
2.020000E+02,-3.865639E-01
2.025000E+02,-2.638735E-01
2.030000E+02,-1.502070E-01
2.035000E+02,-3.988430E-02
2.040000E+02,7.353227E-02
2.045000E+02,1.955554E-01
2.050000E+02,3.292584E-01
2.055000E+02,4.741621E-01
2.060000E+02,6.256895E-01
2.065000E+02,7.752749E-01
2.070000E+02,9.111110E-01
2.075000E+02,1.019431E+00
2.080000E+02,1.086142E+00
2.085000E+02,1.098577E+00
2.090000E+02,1.047130E+00
2.095000E+02,9.265341E-01
2.100000E+02,7.366435E-01
2.105000E+02,4.825972E-01
2.110000E+02,1.743912E-01
2.115000E+02,-1.740678E-01
2.120000E+02,-5.462655E-01
2.125000E+02,-9.245401E-01
2.130000E+02,-1.291492E+00
2.135000E+02,-1.631164E+00
2.140000E+02,-1.929863E+00
2.145000E+02,-2.176590E+00
2.150000E+02,-2.363085E+00
2.155000E+02,-2.483616E+00
2.160000E+02,-2.534630E+00
2.165000E+02,-2.514431E+00
2.170000E+02,-2.423002E+00
2.175000E+02,-2.262031E+00
2.180000E+02,-2.035143E+00
2.185000E+02,-1.748247E+00
2.190000E+02,-1.409853E+00
2.195000E+02,-1.031200E+00
2.200000E+02,-6.260454E-01
2.205000E+02,-2.100119E-01
2.210000E+02,2.004952E-01
2.215000E+02,5.897219E-01
2.220000E+02,9.441500E-01
2.225000E+02,1.253982E+00
2.230000E+02,1.514252E+00
2.235000E+02,1.725331E+00
2.240000E+02,1.892662E+00
2.245000E+02,2.025711E+00
2.250000E+02,2.136247E+00
2.255000E+02,2.236172E+00
2.260000E+02,2.335257E+00
2.265000E+02,2.439141E+00
2.270000E+02,2.547931E+00
2.275000E+02,2.655659E+00
2.280000E+02,2.750704E+00
2.285000E+02,2.817135E+00
2.290000E+02,2.836774E+00
2.295000E+02,2.791665E+00
2.300000E+02,2.666569E+00
2.305000E+02,2.451114E+00
2.310000E+02,2.141288E+00
2.315000E+02,1.740086E+00
2.320000E+02,1.257280E+00
2.325000E+02,7.083952E-01
2.330000E+02,1.131277E-01
2.335000E+02,-5.065236E-01
2.340000E+02,-1.128094E+00
2.345000E+02,-1.730212E+00
2.350000E+02,-2.293698E+00
2.355000E+02,-2.802156E+00
2.360000E+02,-3.242090E+00
2.365000E+02,-3.602699E+00
2.370000E+02,-3.875521E+00
2.375000E+02,-4.054128E+00
2.380000E+02,-4.134007E+00
2.385000E+02,-4.112695E+00
2.390000E+02,-3.990152E+00
2.395000E+02,-3.769274E+00
2.400000E+02,-3.456366E+00
2.405000E+02,-3.061421E+00
2.410000E+02,-2.598033E+00
2.415000E+02,-2.082861E+00
2.420000E+02,-1.534647E+00
2.425000E+02,-9.728693E-01
2.430000E+02,-4.162269E-01
2.435000E+02,1.188368E-01
2.440000E+02,6.193206E-01
2.445000E+02,1.076373E+00
2.450000E+02,1.485398E+00
2.455000E+02,1.845545E+00
2.460000E+02,2.158671E+00
2.465000E+02,2.427983E+00
2.470000E+02,2.656582E+00
2.475000E+02,2.846207E+00
2.480000E+02,2.996397E+00
2.485000E+02,3.104227E+00
2.490000E+02,3.164688E+00
2.495000E+02,3.171621E+00
2.500000E+02,3.119051E+00
2.505000E+02,3.002663E+00
2.510000E+02,2.821149E+00
2.515000E+02,2.577161E+00
2.520000E+02,2.277674E+00
2.525000E+02,1.933673E+00
2.530000E+02,1.559196E+00
2.535000E+02,1.169853E+00
2.540000E+02,7.810837E-01
2.545000E+02,4.064120E-01
2.550000E+02,5.599699E-02
2.555000E+02,-2.642812E-01
2.560000E+02,-5.530498E-01
2.565000E+02,-8.129430E-01
2.570000E+02,-1.049454E+00
2.575000E+02,-1.269324E+00
2.580000E+02,-1.478737E+00
2.585000E+02,-1.681617E+00
2.590000E+02,-1.878317E+00
2.595000E+02,-2.064925E+00
2.600000E+02,-2.233333E+00
2.605000E+02,-2.372069E+00
2.610000E+02,-2.467798E+00
2.615000E+02,-2.507280E+00
2.620000E+02,-2.479486E+00
2.625000E+02,-2.377556E+00
2.630000E+02,-2.200288E+00
2.635000E+02,-1.952913E+00
2.640000E+02,-1.647013E+00
2.645000E+02,-1.299560E+00
2.650000E+02,-9.312045E-01
2.655000E+02,-5.640261E-01
2.660000E+02,-2.190925E-01
2.665000E+02,8.584527E-02
2.670000E+02,3.381741E-01
2.675000E+02,5.315019E-01
2.680000E+02,6.658602E-01
2.685000E+02,7.470269E-01
2.690000E+02,7.851097E-01
2.695000E+02,7.926503E-01
2.700000E+02,7.825786E-01
2.705000E+02,7.663602E-01
2.710000E+02,7.526293E-01
2.715000E+02,7.464938E-01
2.720000E+02,7.495684E-01
2.725000E+02,7.606408E-01
2.730000E+02,7.767620E-01
2.735000E+02,7.944745E-01
2.740000E+02,8.108817E-01
2.745000E+02,8.243158E-01
2.750000E+02,8.344691E-01
2.755000E+02,8.419888E-01
2.760000E+02,8.476728E-01
2.765000E+02,8.515071E-01
2.770000E+02,8.518322E-01
2.775000E+02,8.449041E-01
2.780000E+02,8.250269E-01
2.785000E+02,7.852983E-01
2.790000E+02,7.188588E-01
2.795000E+02,6.203997E-01
2.800000E+02,4.876049E-01
2.805000E+02,3.221903E-01
2.810000E+02,1.302746E-01
2.815000E+02,-7.805125E-02
2.820000E+02,-2.899163E-01
2.825000E+02,-4.914162E-01
2.830000E+02,-6.695748E-01
2.835000E+02,-8.141268E-01
2.840000E+02,-9.187566E-01
2.845000E+02,-9.815427E-01
2.850000E+02,-1.004531E+00
2.855000E+02,-9.925522E-01
2.860000E+02,-9.515734E-01
2.865000E+02,-8.869763E-01
2.870000E+02,-8.021783E-01
2.875000E+02,-6.979304E-01
2.880000E+02,-5.724717E-01
2.885000E+02,-4.225194E-01
2.890000E+02,-2.448730E-01
2.895000E+02,-3.826093E-02
2.900000E+02,1.950108E-01
2.905000E+02,4.480130E-01
2.910000E+02,7.090313E-01
2.915000E+02,9.623765E-01
2.920000E+02,1.190039E+00
2.925000E+02,1.373879E+00
2.930000E+02,1.497927E+00
2.935000E+02,1.550354E+00
2.940000E+02,1.524743E+00
2.945000E+02,1.420484E+00
2.950000E+02,1.242278E+00
2.955000E+02,9.989714E-01
2.960000E+02,7.020453E-01
2.965000E+02,3.641618E-01
2.970000E+02,-1.893591E-03
2.975000E+02,-3.836653E-01
2.980000E+02,-7.688576E-01
2.985000E+02,-1.144713E+00
2.990000E+02,-1.497258E+00
2.995000E+02,-1.810798E+00
3.000000E+02,-2.068008E+00
3.005000E+02,-2.250819E+00
3.010000E+02,-2.342127E+00
3.015000E+02,-2.328090E+00
3.020000E+02,-2.200636E+00
3.025000E+02,-1.959674E+00
3.030000E+02,-1.614513E+00
3.035000E+02,-1.184107E+00
3.040000E+02,-6.959466E-01
3.045000E+02,-1.836745E-01
3.050000E+02,3.162642E-01
3.055000E+02,7.684307E-01
3.060000E+02,1.142081E+00
3.065000E+02,1.414179E+00
3.070000E+02,1.571310E+00
3.075000E+02,1.610302E+00
3.080000E+02,1.537575E+00
3.085000E+02,1.367465E+00
3.090000E+02,1.119925E+00
3.095000E+02,8.180351E-01
3.100000E+02,4.857343E-01
3.105000E+02,1.460503E-01
3.110000E+02,-1.800559E-01
3.115000E+02,-4.742757E-01
3.120000E+02,-7.211413E-01
3.125000E+02,-9.080433E-01
3.130000E+02,-1.025289E+00
3.135000E+02,-1.066329E+00
3.140000E+02,-1.028179E+00
3.145000E+02,-9.119116E-01
3.150000E+02,-7.230710E-01
3.155000E+02,-4.717706E-01
3.160000E+02,-1.723278E-01
3.165000E+02,1.576453E-01
3.170000E+02,4.986387E-01
3.175000E+02,8.309573E-01
3.180000E+02,1.136485E+00
3.185000E+02,1.400212E+00
3.190000E+02,1.611277E+00
3.195000E+02,1.763361E+00
3.200000E+02,1.854415E+00
3.205000E+02,1.885849E+00
3.210000E+02,1.861372E+00
3.215000E+02,1.785802E+00
3.220000E+02,1.664078E+00
3.225000E+02,1.500689E+00
3.230000E+02,1.299603E+00
3.235000E+02,1.064635E+00
3.240000E+02,8.001097E-01
3.245000E+02,5.115977E-01
3.250000E+02,2.064677E-01
3.255000E+02,-1.059159E-01
3.260000E+02,-4.144622E-01
3.265000E+02,-7.070768E-01
3.270000E+02,-9.717218E-01
3.275000E+02,-1.197625E+00
3.280000E+02,-1.376415E+00
3.285000E+02,-1.502986E+00
3.290000E+02,-1.575955E+00
3.295000E+02,-1.597652E+00
3.300000E+02,-1.573688E+00
3.305000E+02,-1.512197E+00
3.310000E+02,-1.422891E+00
3.315000E+02,-1.316075E+00
3.320000E+02,-1.201738E+00
3.325000E+02,-1.088774E+00
3.330000E+02,-9.843709E-01
3.335000E+02,-8.935437E-01
3.340000E+02,-8.188009E-01
3.345000E+02,-7.599235E-01
3.350000E+02,-7.138838E-01
3.355000E+02,-6.749460E-01
3.360000E+02,-6.350160E-01
3.365000E+02,-5.842966E-01
3.370000E+02,-5.122699E-01
3.375000E+02,-4.089698E-01
3.380000E+02,-2.664327E-01
3.385000E+02,-8.014821E-02
3.390000E+02,1.497103E-01
3.395000E+02,4.175036E-01
3.400000E+02,7.119775E-01
3.405000E+02,1.016851E+00
3.410000E+02,1.312131E+00
3.415000E+02,1.576030E+00
3.420000E+02,1.787246E+00
3.425000E+02,1.927305E+00
3.430000E+02,1.982644E+00
3.435000E+02,1.946143E+00
3.440000E+02,1.817897E+00
3.445000E+02,1.605149E+00
3.450000E+02,1.321393E+00
3.455000E+02,9.848296E-01
3.460000E+02,6.163745E-01
3.465000E+02,2.375161E-01
3.470000E+02,-1.317096E-01
3.475000E+02,-4.743924E-01
3.480000E+02,-7.779071E-01
3.485000E+02,-1.034473E+00
3.490000E+02,-1.241117E+00
3.495000E+02,-1.399106E+00
3.500000E+02,-1.512969E+00
3.505000E+02,-1.589256E+00
3.510000E+02,-1.635192E+00
3.515000E+02,-1.657377E+00
3.520000E+02,-1.660677E+00
3.525000E+02,-1.647423E+00
3.530000E+02,-1.616996E+00
3.535000E+02,-1.565874E+00
3.540000E+02,-1.488130E+00
3.545000E+02,-1.376358E+00
3.550000E+02,-1.222932E+00
3.555000E+02,-1.021454E+00
3.560000E+02,-7.682003E-01
3.565000E+02,-4.633704E-01
3.570000E+02,-1.119232E-01
3.575000E+02,2.761579E-01
3.580000E+02,6.862705E-01
3.585000E+02,1.100275E+00
3.590000E+02,1.498154E+00
3.595000E+02,1.860052E+00
3.600000E+02,2.168427E+00
3.605000E+02,2.409998E+00
3.610000E+02,2.577206E+00
3.615000E+02,2.668928E+00
3.620000E+02,2.690337E+00
3.625000E+02,2.651876E+00
3.630000E+02,2.567496E+00
3.635000E+02,2.452401E+00
3.640000E+02,2.320642E+00
3.645000E+02,2.182932E+00
3.650000E+02,2.045025E+00
3.655000E+02,1.906919E+00
3.660000E+02,1.763030E+00
3.665000E+02,1.603317E+00
3.670000E+02,1.415187E+00
3.675000E+02,1.185895E+00
3.680000E+02,9.050527E-01
3.685000E+02,5.668553E-01
3.690000E+02,1.716528E-01
3.695000E+02,-2.733759E-01
3.700000E+02,-7.545685E-01
3.705000E+02,-1.253092E+00
3.710000E+02,-1.747008E+00
3.715000E+02,-2.213771E+00
3.720000E+02,-2.632738E+00
3.725000E+02,-2.987312E+00
3.730000E+02,-3.266374E+00
3.735000E+02,-3.464809E+00
3.740000E+02,-3.583083E+00
3.745000E+02,-3.626006E+00
3.750000E+02,-3.600966E+00
3.755000E+02,-3.515995E+00
3.760000E+02,-3.378081E+00
3.765000E+02,-3.192055E+00
3.770000E+02,-2.960291E+00
3.775000E+02,-2.683256E+00
3.780000E+02,-2.360804E+00
3.785000E+02,-1.993913E+00
3.790000E+02,-1.586477E+00
3.795000E+02,-1.146726E+00
3.800000E+02,-6.878970E-01
3.805000E+02,-2.279212E-01
3.810000E+02,2.119394E-01
3.815000E+02,6.093570E-01
3.820000E+02,9.437784E-01
3.825000E+02,1.199379E+00
3.830000E+02,1.367623E+00
3.835000E+02,1.448960E+00
3.840000E+02,1.453325E+00
3.845000E+02,1.399269E+00
3.850000E+02,1.311818E+00
3.855000E+02,1.219317E+00
3.860000E+02,1.149710E+00
3.865000E+02,1.126803E+00
3.870000E+02,1.167037E+00
3.875000E+02,1.277257E+00
3.880000E+02,1.453776E+00
3.885000E+02,1.682860E+00
3.890000E+02,1.942552E+00
3.895000E+02,2.205561E+00
3.900000E+02,2.442799E+00
3.905000E+02,2.627080E+00
3.910000E+02,2.736493E+00
3.915000E+02,2.756992E+00
3.920000E+02,2.683898E+00
3.925000E+02,2.522149E+00
3.930000E+02,2.285276E+00
3.935000E+02,1.993303E+00
3.940000E+02,1.669845E+00
3.945000E+02,1.338842E+00
3.950000E+02,1.021362E+00
3.955000E+02,7.329367E-01
3.960000E+02,4.818029E-01
3.965000E+02,2.683058E-01
3.970000E+02,8.556139E-02
3.975000E+02,-7.871389E-02
3.980000E+02,-2.394752E-01
3.985000E+02,-4.111437E-01
3.990000E+02,-6.044350E-01
3.995000E+02,-8.237536E-01
4.000000E+02,-1.065613E+00
4.005000E+02,-1.318397E+00
4.010000E+02,-1.563567E+00
4.015000E+02,-1.778180E+00
4.020000E+02,-1.938354E+00
4.025000E+02,-2.023151E+00
4.030000E+02,-2.018230E+00
4.035000E+02,-1.918678E+00
4.040000E+02,-1.730517E+00
4.045000E+02,-1.470603E+00
4.050000E+02,-1.164908E+00
4.055000E+02,-8.454368E-01
4.060000E+02,-5.462430E-01
4.065000E+02,-2.991665E-01
4.070000E+02,-1.299343E-01
4.075000E+02,-5.518246E-02
4.080000E+02,-8.078694E-02
4.085000E+02,-2.016546E-01
4.090000E+02,-4.028843E-01
4.095000E+02,-6.620036E-01
4.100000E+02,-9.518501E-01
4.105000E+02,-1.243630E+00
4.110000E+02,-1.509731E+00
4.115000E+02,-1.725989E+00
4.120000E+02,-1.873261E+00
4.125000E+02,-1.938306E+00
4.130000E+02,-1.914094E+00
4.135000E+02,-1.799714E+00
4.140000E+02,-1.600041E+00
4.145000E+02,-1.325279E+00
4.150000E+02,-9.903910E-01
4.155000E+02,-6.143811E-01
4.160000E+02,-2.193212E-01
4.165000E+02,1.709455E-01
4.170000E+02,5.324519E-01
4.175000E+02,8.430265E-01
4.180000E+02,1.084303E+00
4.185000E+02,1.243554E+00
4.190000E+02,1.315060E+00
4.195000E+02,1.300738E+00
4.200000E+02,1.209897E+00
4.205000E+02,1.058085E+00
4.210000E+02,8.652035E-01
4.215000E+02,6.531763E-01
4.220000E+02,4.435570E-01
4.225000E+02,2.554597E-01
4.230000E+02,1.041213E-01
4.235000E+02,2.569478E-04
4.240000E+02,-4.980565E-02
4.245000E+02,-4.339954E-02
4.250000E+02,1.949552E-02
4.255000E+02,1.372064E-01
4.260000E+02,3.069592E-01
4.265000E+02,5.249360E-01
4.270000E+02,7.857966E-01
4.275000E+02,1.081840E+00
4.280000E+02,1.402122E+00
4.285000E+02,1.731899E+00
4.290000E+02,2.052739E+00
4.295000E+02,2.343495E+00
4.300000E+02,2.582159E+00
4.305000E+02,2.748385E+00
4.310000E+02,2.826277E+00
4.315000E+02,2.806930E+00
4.320000E+02,2.690207E+00
4.325000E+02,2.485313E+00
4.330000E+02,2.209967E+00
4.335000E+02,1.888193E+00
4.340000E+02,1.547032E+00
4.345000E+02,1.212695E+00
4.350000E+02,9.067975E-01
4.355000E+02,6.432956E-01
4.360000E+02,4.266745E-01
4.365000E+02,2.516764E-01
4.370000E+02,1.046158E-01
4.375000E+02,-3.395778E-02
4.380000E+02,-1.857098E-01
4.385000E+02,-3.706875E-01
4.390000E+02,-6.038320E-01
4.395000E+02,-8.923848E-01
4.400000E+02,-1.234566E+00
4.405000E+02,-1.619674E+00
4.410000E+02,-2.029524E+00
4.415000E+02,-2.440921E+00
4.420000E+02,-2.828748E+00
4.425000E+02,-3.169142E+00
4.430000E+02,-3.442307E+00
4.435000E+02,-3.634563E+00
4.440000E+02,-3.739399E+00
4.445000E+02,-3.757472E+00
4.450000E+02,-3.695638E+00
4.455000E+02,-3.565259E+00
4.460000E+02,-3.380104E+00
4.465000E+02,-3.154195E+00
4.470000E+02,-2.899946E+00
4.475000E+02,-2.626856E+00
4.480000E+02,-2.340927E+00
4.485000E+02,-2.044847E+00
4.490000E+02,-1.738862E+00
4.495000E+02,-1.422135E+00
4.500000E+02,-1.094313E+00
4.505000E+02,-7.569908E-01
4.510000E+02,-4.147553E-01
4.515000E+02,-7.556576E-02
4.520000E+02,2.496655E-01
4.525000E+02,5.482914E-01
4.530000E+02,8.077909E-01
4.535000E+02,1.017983E+00
4.540000E+02,1.173203E+00
4.545000E+02,1.274031E+00
4.550000E+02,1.328177E+00
4.555000E+02,1.350282E+00
4.560000E+02,1.360527E+00
4.565000E+02,1.382174E+00
4.570000E+02,1.438362E+00
4.575000E+02,1.548618E+00
4.580000E+02,1.725639E+00
4.585000E+02,1.972902E+00
4.590000E+02,2.283498E+00
4.595000E+02,2.640455E+00
4.600000E+02,3.018520E+00
4.605000E+02,3.387160E+00
4.610000E+02,3.714324E+00
4.615000E+02,3.970366E+00
4.620000E+02,4.131546E+00
4.625000E+02,4.182569E+00
4.630000E+02,4.117820E+00
4.635000E+02,3.941188E+00
4.640000E+02,3.664597E+00
4.645000E+02,3.305588E+00
4.650000E+02,2.884438E+00
4.655000E+02,2.421320E+00
4.660000E+02,1.933991E+00
4.665000E+02,1.436324E+00
4.670000E+02,9.378354E-01
4.675000E+02,4.441418E-01
4.680000E+02,-4.187221E-02
4.685000E+02,-5.185216E-01
4.690000E+02,-9.837972E-01
4.695000E+02,-1.434182E+00
4.700000E+02,-1.864034E+00
4.705000E+02,-2.265625E+00
4.710000E+02,-2.629778E+00
4.715000E+02,-2.946918E+00
4.720000E+02,-3.208308E+00
4.725000E+02,-3.407193E+00
4.730000E+02,-3.539647E+00
4.735000E+02,-3.604978E+00
4.740000E+02,-3.605667E+00
4.745000E+02,-3.546889E+00
4.750000E+02,-3.435767E+00
4.755000E+02,-3.280517E+00
4.760000E+02,-3.089651E+00
4.765000E+02,-2.871379E+00
4.770000E+02,-2.633256E+00
4.775000E+02,-2.382090E+00
4.780000E+02,-2.124050E+00
4.785000E+02,-1.864861E+00
4.790000E+02,-1.609998E+00
4.795000E+02,-1.364761E+00
4.800000E+02,-1.134187E+00
4.805000E+02,-9.227773E-01
4.810000E+02,-7.340687E-01
4.815000E+02,-5.701302E-01
4.820000E+02,-4.310758E-01
4.825000E+02,-3.147006E-01
4.830000E+02,-2.163317E-01
4.835000E+02,-1.289602E-01
4.840000E+02,-4.368324E-02
4.845000E+02,4.955668E-02
4.850000E+02,1.609919E-01
4.855000E+02,2.999022E-01
4.860000E+02,4.734607E-01
4.865000E+02,6.856912E-01
4.870000E+02,9.366717E-01
4.875000E+02,1.222106E+00
4.880000E+02,1.533345E+00
4.885000E+02,1.857897E+00
4.890000E+02,2.180405E+00
4.895000E+02,2.483993E+00
4.900000E+02,2.751852E+00
4.905000E+02,2.968868E+00
4.910000E+02,3.123086E+00
4.915000E+02,3.206822E+00
4.920000E+02,3.217248E+00
4.925000E+02,3.156384E+00
4.930000E+02,3.030476E+00
4.935000E+02,2.848863E+00
4.940000E+02,2.622498E+00
4.945000E+02,2.362355E+00
4.950000E+02,2.077975E+00
4.955000E+02,1.776391E+00
4.960000E+02,1.461604E+00
4.965000E+02,1.134690E+00
4.970000E+02,7.945356E-01
4.975000E+02,4.390597E-01
4.980000E+02,6.671334E-02
4.985000E+02,-3.220078E-01
4.990000E+02,-7.233163E-01
4.995000E+02,-1.129388E+00
5.000000E+02,-1.528279E+00
5.005000E+02,-1.904555E+00
5.010000E+02,-2.240576E+00
5.015000E+02,-2.518257E+00
5.020000E+02,-2.721065E+00
5.025000E+02,-2.835946E+00
5.030000E+02,-2.854916E+00
5.035000E+02,-2.776074E+00
5.040000E+02,-2.603895E+00
5.045000E+02,-2.348771E+00
5.050000E+02,-2.025882E+00
5.055000E+02,-1.653576E+00
5.060000E+02,-1.251502E+00
5.065000E+02,-8.387713E-01
5.070000E+02,-4.324023E-01
5.075000E+02,-4.625200E-02
5.080000E+02,3.094592E-01
5.085000E+02,6.280156E-01
5.090000E+02,9.055563E-01
5.095000E+02,1.140079E+00
5.100000E+02,1.330317E+00
5.105000E+02,1.474713E+00
5.110000E+02,1.570706E+00
5.115000E+02,1.614460E+00
5.120000E+02,1.601095E+00
5.125000E+02,1.525387E+00
5.130000E+02,1.382824E+00
5.135000E+02,1.170824E+00
5.140000E+02,8.899248E-01
5.145000E+02,5.447117E-01
5.150000E+02,1.443402E-01
5.155000E+02,-2.974713E-01
5.160000E+02,-7.629961E-01
5.165000E+02,-1.231545E+00
5.170000E+02,-1.680882E+00
5.175000E+02,-2.088824E+00
5.180000E+02,-2.434841E+00
5.185000E+02,-2.701457E+00
5.190000E+02,-2.875313E+00
5.195000E+02,-2.947792E+00
5.200000E+02,-2.915189E+00
5.205000E+02,-2.778459E+00
5.210000E+02,-2.542655E+00
5.215000E+02,-2.216168E+00
5.220000E+02,-1.809928E+00
5.225000E+02,-1.336685E+00
5.230000E+02,-8.104545E-01
5.235000E+02,-2.461767E-01
5.240000E+02,3.404456E-01
5.245000E+02,9.329876E-01
5.250000E+02,1.514333E+00
5.255000E+02,2.066814E+00
5.260000E+02,2.572551E+00
5.265000E+02,3.014075E+00
5.270000E+02,3.375216E+00
5.275000E+02,3.642201E+00
5.280000E+02,3.804832E+00
5.285000E+02,3.857562E+00
5.290000E+02,3.800282E+00
5.295000E+02,3.638630E+00
5.300000E+02,3.383712E+00
5.305000E+02,3.051186E+00
5.310000E+02,2.659794E+00
5.315000E+02,2.229490E+00
5.320000E+02,1.779446E+00
5.325000E+02,1.326202E+00
5.330000E+02,8.822837E-01
5.335000E+02,4.554950E-01
5.340000E+02,4.902740E-02
5.345000E+02,-3.376390E-01
5.350000E+02,-7.071951E-01
5.355000E+02,-1.062607E+00
5.360000E+02,-1.405225E+00
5.365000E+02,-1.733263E+00
5.370000E+02,-2.040970E+00
5.375000E+02,-2.318686E+00
5.380000E+02,-2.553798E+00
5.385000E+02,-2.732482E+00
5.390000E+02,-2.841890E+00
5.395000E+02,-2.872422E+00
5.400000E+02,-2.819631E+00
5.405000E+02,-2.685391E+00
5.410000E+02,-2.478099E+00
5.415000E+02,-2.211836E+00
5.420000E+02,-1.904617E+00
5.425000E+02,-1.576045E+00
5.430000E+02,-1.244768E+00
5.435000E+02,-9.262101E-01
5.440000E+02,-6.309567E-01
5.445000E+02,-3.640823E-01
5.450000E+02,-1.254931E-01
5.455000E+02,8.881435E-02
5.460000E+02,2.848588E-01
5.465000E+02,4.685378E-01
5.470000E+02,6.436749E-01
5.475000E+02,8.106279E-01
5.480000E+02,9.657128E-01
5.485000E+02,1.101533E+00
5.490000E+02,1.208125E+00
5.495000E+02,1.274673E+00
5.500000E+02,1.291466E+00
5.505000E+02,1.251724E+00
5.510000E+02,1.152969E+00
5.515000E+02,9.977458E-01
5.520000E+02,7.935940E-01
5.525000E+02,5.523492E-01
5.530000E+02,2.889438E-01
5.535000E+02,1.995382E-02
5.540000E+02,-2.378557E-01
5.545000E+02,-4.687783E-01
5.550000E+02,-6.590774E-01
5.555000E+02,-7.975300E-01
5.560000E+02,-8.756599E-01
5.565000E+02,-8.877751E-01
5.570000E+02,-8.309454E-01
5.575000E+02,-7.050293E-01
5.580000E+02,-5.128094E-01
5.585000E+02,-2.602193E-01
5.590000E+02,4.341820E-02
5.595000E+02,3.852712E-01
5.600000E+02,7.491347E-01
5.605000E+02,1.115936E+00
5.610000E+02,1.464669E+00
5.615000E+02,1.773722E+00
5.620000E+02,2.022512E+00
5.625000E+02,2.193239E+00
5.630000E+02,2.272546E+00
5.635000E+02,2.252884E+00
5.640000E+02,2.133372E+00
5.645000E+02,1.920052E+00
5.650000E+02,1.625466E+00
5.655000E+02,1.267621E+00
5.660000E+02,8.684311E-01
5.665000E+02,4.518220E-01
5.670000E+02,4.169867E-02
5.675000E+02,-3.400231E-01
5.680000E+02,-6.751255E-01
5.685000E+02,-9.503893E-01
5.690000E+02,-1.158384E+00
5.695000E+02,-1.297704E+00
5.700000E+02,-1.372649E+00
5.705000E+02,-1.392426E+00
5.710000E+02,-1.369948E+00
5.715000E+02,-1.320373E+00
5.720000E+02,-1.259526E+00
5.725000E+02,-1.202350E+00
5.730000E+02,-1.161514E+00
5.735000E+02,-1.146316E+00
5.740000E+02,-1.161935E+00
5.745000E+02,-1.209088E+00
5.750000E+02,-1.284099E+00
5.755000E+02,-1.379330E+00
5.760000E+02,-1.483924E+00
5.765000E+02,-1.584770E+00
5.770000E+02,-1.667618E+00
5.775000E+02,-1.718240E+00
5.780000E+02,-1.723591E+00
5.785000E+02,-1.672877E+00
5.790000E+02,-1.558501E+00
5.795000E+02,-1.376824E+00
5.800000E+02,-1.128697E+00
5.805000E+02,-8.197037E-01
5.810000E+02,-4.600756E-01
5.815000E+02,-6.423724E-02
5.820000E+02,3.500349E-01
5.825000E+02,7.628139E-01
5.830000E+02,1.153517E+00
5.835000E+02,1.502573E+00
5.840000E+02,1.793106E+00
5.845000E+02,2.012444E+00
5.850000E+02,2.153259E+00
5.855000E+02,2.214202E+00
5.860000E+02,2.199898E+00
5.865000E+02,2.120316E+00
5.870000E+02,1.989551E+00
5.875000E+02,1.824181E+00
5.880000E+02,1.641409E+00
5.885000E+02,1.457218E+00
5.890000E+02,1.284781E+00
5.895000E+02,1.133305E+00
5.900000E+02,1.007429E+00
5.905000E+02,9.072031E-01
5.910000E+02,8.286001E-01
5.915000E+02,7.644396E-01
5.920000E+02,7.055623E-01
5.925000E+02,6.420890E-01
5.930000E+02,5.646095E-01
5.935000E+02,4.651920E-01
5.940000E+02,3.381473E-01
5.945000E+02,1.805317E-01
5.950000E+02,-7.596295E-03
5.955000E+02,-2.231307E-01
5.960000E+02,-4.600491E-01
5.965000E+02,-7.096967E-01
5.970000E+02,-9.612167E-01
5.975000E+02,-1.202129E+00
5.980000E+02,-1.419063E+00
5.985000E+02,-1.598639E+00
5.990000E+02,-1.728465E+00
5.995000E+02,-1.798180E+00
6.000000E+02,-1.800460E+00
6.005000E+02,-1.731867E+00
6.010000E+02,-1.593419E+00
6.015000E+02,-1.390794E+00
6.020000E+02,-1.134103E+00
6.025000E+02,-8.372244E-01
6.030000E+02,-5.167508E-01
6.035000E+02,-1.906687E-01
6.040000E+02,1.230944E-01
6.045000E+02,4.080756E-01
6.050000E+02,6.504774E-01
6.055000E+02,8.400310E-01
6.060000E+02,9.704406E-01
6.065000E+02,1.039391E+00
6.070000E+02,1.048162E+00
6.075000E+02,1.000953E+00
6.080000E+02,9.040394E-01
6.085000E+02,7.649316E-01
6.090000E+02,5.916430E-01
6.095000E+02,3.921866E-01
6.100000E+02,1.743329E-01
6.105000E+02,-5.438512E-02
6.110000E+02,-2.864955E-01
6.115000E+02,-5.143555E-01
6.120000E+02,-7.300013E-01
6.125000E+02,-9.251996E-01
6.130000E+02,-1.091782E+00
6.135000E+02,-1.222272E+00
6.140000E+02,-1.310733E+00
6.145000E+02,-1.353696E+00
6.150000E+02,-1.350958E+00
6.155000E+02,-1.306025E+00
6.160000E+02,-1.226030E+00
6.165000E+02,-1.120980E+00
6.170000E+02,-1.002374E+00
6.175000E+02,-8.813055E-01
6.180000E+02,-7.663622E-01
6.185000E+02,-6.616686E-01
6.190000E+02,-5.654994E-01
6.195000E+02,-4.698176E-01
6.200000E+02,-3.609714E-01
6.205000E+02,-2.215890E-01
6.210000E+02,-3.348409E-02
6.215000E+02,2.188357E-01
6.220000E+02,5.446245E-01
6.225000E+02,9.439572E-01
6.230000E+02,1.405978E+00
6.235000E+02,1.908763E+00
6.240000E+02,2.420945E+00
6.245000E+02,2.904959E+00
6.250000E+02,3.321446E+00
6.255000E+02,3.634127E+00
6.260000E+02,3.814358E+00
6.265000E+02,3.844600E+00
6.270000E+02,3.720244E+00
6.275000E+02,3.449506E+00
6.280000E+02,3.051487E+00
6.285000E+02,2.552815E+00
6.290000E+02,1.983546E+00
6.295000E+02,1.373128E+00
6.300000E+02,7.471636E-01
6.305000E+02,1.255214E-01
6.310000E+02,-4.779801E-01
6.315000E+02,-1.054434E+00
6.320000E+02,-1.597706E+00
6.325000E+02,-2.101949E+00
6.330000E+02,-2.559498E+00
6.335000E+02,-2.959742E+00
6.340000E+02,-3.289342E+00
6.345000E+02,-3.533798E+00
6.350000E+02,-3.680048E+00
6.355000E+02,-3.719464E+00
6.360000E+02,-3.650534E+00
6.365000E+02,-3.480481E+00
6.370000E+02,-3.225338E+00
6.375000E+02,-2.908287E+00
6.380000E+02,-2.556479E+00
6.385000E+02,-2.196882E+00
6.390000E+02,-1.851975E+00
6.395000E+02,-1.536142E+00
6.400000E+02,-1.253543E+00
6.405000E+02,-9.979118E-01
6.410000E+02,-7.543876E-01
6.415000E+02,-5.030412E-01
6.420000E+02,-2.234174E-01
6.425000E+02,1.007891E-01
6.430000E+02,4.778401E-01
6.435000E+02,9.055910E-01
6.440000E+02,1.371094E+00
6.445000E+02,1.852203E+00
6.450000E+02,2.320821E+00
6.455000E+02,2.747117E+00
6.460000E+02,3.103872E+00
6.465000E+02,3.370134E+00
6.470000E+02,3.533540E+00
6.475000E+02,3.590969E+00
6.480000E+02,3.547536E+00
6.485000E+02,3.414298E+00
6.490000E+02,3.205255E+00
6.495000E+02,2.934336E+00
6.500000E+02,2.613013E+00
6.505000E+02,2.248990E+00
6.510000E+02,1.846152E+00
6.515000E+02,1.405661E+00
6.520000E+02,9.278506E-01
6.525000E+02,4.144149E-01
6.530000E+02,-1.296350E-01
6.535000E+02,-6.946972E-01
6.540000E+02,-1.266247E+00
6.545000E+02,-1.825493E+00
6.550000E+02,-2.350868E+00
6.555000E+02,-2.820025E+00
6.560000E+02,-3.211962E+00
6.565000E+02,-3.508924E+00
6.570000E+02,-3.697796E+00
6.575000E+02,-3.770882E+00
6.580000E+02,-3.726088E+00
6.585000E+02,-3.566641E+00
6.590000E+02,-3.300529E+00
6.595000E+02,-2.939858E+00
6.600000E+02,-2.500228E+00
6.605000E+02,-2.000159E+00
6.610000E+02,-1.460512E+00
6.615000E+02,-9.037833E-01
6.620000E+02,-3.531434E-01
6.625000E+02,1.688370E-01
6.630000E+02,6.417617E-01
6.635000E+02,1.049136E+00
6.640000E+02,1.380007E+00
6.645000E+02,1.630215E+00
6.650000E+02,1.802965E+00
6.655000E+02,1.908483E+00
6.660000E+02,1.962699E+00
6.665000E+02,1.985023E+00
6.670000E+02,1.995494E+00
6.675000E+02,2.011693E+00
6.680000E+02,2.045904E+00
6.685000E+02,2.102975E+00
6.690000E+02,2.179263E+00
6.695000E+02,2.262852E+00
6.700000E+02,2.335061E+00
6.705000E+02,2.373027E+00
6.710000E+02,2.352992E+00
6.715000E+02,2.253815E+00
6.720000E+02,2.060182E+00
6.725000E+02,1.765072E+00
6.730000E+02,1.371129E+00
6.735000E+02,8.907988E-01
6.740000E+02,3.452319E-01
6.745000E+02,-2.378259E-01
6.750000E+02,-8.268472E-01
6.755000E+02,-1.389633E+00
6.760000E+02,-1.896315E+00
6.765000E+02,-2.321900E+00
6.770000E+02,-2.648097E+00
6.775000E+02,-2.864290E+00
6.780000E+02,-2.967656E+00
6.785000E+02,-2.962516E+00
6.790000E+02,-2.859098E+00
6.795000E+02,-2.671936E+00
6.800000E+02,-2.418131E+00
6.805000E+02,-2.115662E+00
6.810000E+02,-1.781910E+00
6.815000E+02,-1.432498E+00
6.820000E+02,-1.080478E+00
6.825000E+02,-7.358813E-01
6.830000E+02,-4.056096E-01
6.835000E+02,-9.360741E-02
6.840000E+02,1.987125E-01
6.845000E+02,4.718510E-01
6.850000E+02,7.274589E-01
6.855000E+02,9.674856E-01
6.860000E+02,1.193310E+00
6.865000E+02,1.404939E+00
6.870000E+02,1.600366E+00
6.875000E+02,1.775198E+00
6.880000E+02,1.922631E+00
6.885000E+02,2.033839E+00
6.890000E+02,2.098775E+00
6.895000E+02,2.107346E+00
6.900000E+02,2.050820E+00
6.905000E+02,1.923293E+00
6.910000E+02,1.723004E+00
6.915000E+02,1.453267E+00
6.920000E+02,1.122839E+00
6.925000E+02,7.456134E-01
6.930000E+02,3.396163E-01
6.935000E+02,-7.458592E-02
6.940000E+02,-4.758791E-01
6.945000E+02,-8.447130E-01
6.950000E+02,-1.165030E+00
6.955000E+02,-1.425727E+00
6.960000E+02,-1.621438E+00
6.965000E+02,-1.752531E+00
6.970000E+02,-1.824350E+00
6.975000E+02,-1.845841E+00
6.980000E+02,-1.827812E+00
6.985000E+02,-1.781108E+00
6.990000E+02,-1.715003E+00
6.995000E+02,-1.636028E+00
7.000000E+02,-1.547395E+00
7.005000E+02,-1.449024E+00
7.010000E+02,-1.338129E+00
7.015000E+02,-1.210179E+00
7.020000E+02,-1.060052E+00
7.025000E+02,-8.831724E-01
7.030000E+02,-6.764686E-01
7.035000E+02,-4.390496E-01
7.040000E+02,-1.725572E-01
7.045000E+02,1.187770E-01
7.050000E+02,4.283138E-01
7.055000E+02,7.473534E-01
7.060000E+02,1.065589E+00
7.065000E+02,1.371631E+00
7.070000E+02,1.653595E+00
7.075000E+02,1.899758E+00
7.080000E+02,2.099289E+00
7.085000E+02,2.243028E+00
7.090000E+02,2.324263E+00
7.095000E+02,2.339410E+00
7.100000E+02,2.288471E+00
7.105000E+02,2.175166E+00
7.110000E+02,2.006642E+00
7.115000E+02,1.792761E+00
7.120000E+02,1.545009E+00
7.125000E+02,1.275184E+00
7.130000E+02,9.940633E-01
7.135000E+02,7.102935E-01
7.140000E+02,4.296987E-01
7.145000E+02,1.551650E-01
7.150000E+02,-1.128697E-01
7.155000E+02,-3.754014E-01
7.160000E+02,-6.335116E-01
7.165000E+02,-8.869556E-01
7.170000E+02,-1.132977E+00
7.175000E+02,-1.365609E+00
7.180000E+02,-1.575631E+00
7.185000E+02,-1.751230E+00
7.190000E+02,-1.879285E+00
7.195000E+02,-1.947062E+00
7.200000E+02,-1.944066E+00
7.205000E+02,-1.863725E+00
7.210000E+02,-1.704664E+00
7.215000E+02,-1.471371E+00
7.220000E+02,-1.174179E+00
7.225000E+02,-8.285918E-01
7.230000E+02,-4.540899E-01
7.235000E+02,-7.257867E-02
7.240000E+02,2.933096E-01
7.245000E+02,6.218854E-01
7.250000E+02,8.939051E-01
7.255000E+02,1.093824E+00
7.260000E+02,1.210756E+00
7.265000E+02,1.239130E+00
7.270000E+02,1.179035E+00
7.275000E+02,1.036235E+00
7.280000E+02,8.218315E-01
7.285000E+02,5.515425E-01
7.290000E+02,2.445784E-01
7.295000E+02,-7.785563E-02
7.300000E+02,-3.943440E-01
7.305000E+02,-6.851772E-01
7.310000E+02,-9.341829E-01
7.315000E+02,-1.130223E+00
7.320000E+02,-1.268121E+00
7.325000E+02,-1.348832E+00
7.330000E+02,-1.378796E+00
7.335000E+02,-1.368507E+00
7.340000E+02,-1.330511E+00
7.345000E+02,-1.277114E+00
7.350000E+02,-1.218179E+00
7.355000E+02,-1.159373E+00
7.360000E+02,-1.101166E+00
7.365000E+02,-1.038762E+00
7.370000E+02,-9.629756E-01
7.375000E+02,-8.619239E-01
7.380000E+02,-7.232378E-01
7.385000E+02,-5.364322E-01
7.390000E+02,-2.950389E-01
7.395000E+02,1.846339E-03
7.400000E+02,3.488444E-01
7.405000E+02,7.345031E-01
7.410000E+02,1.142384E+00
7.415000E+02,1.552838E+00
7.420000E+02,1.945174E+00
7.425000E+02,2.299890E+00
7.430000E+02,2.600626E+00
7.435000E+02,2.835586E+00
7.440000E+02,2.998226E+00
7.445000E+02,3.087174E+00
7.450000E+02,3.105435E+00
7.455000E+02,3.059038E+00
7.460000E+02,2.955367E+00
7.465000E+02,2.801460E+00
7.470000E+02,2.602555E+00
7.475000E+02,2.361118E+00
7.480000E+02,2.076548E+00
7.485000E+02,1.745613E+00
7.490000E+02,1.363606E+00
7.495000E+02,9.260616E-01
7.500000E+02,4.307900E-01
7.505000E+02,-1.200951E-01
7.510000E+02,-7.185045E-01
7.515000E+02,-1.349391E+00
7.520000E+02,-1.990715E+00
7.525000E+02,-2.614476E+00
7.530000E+02,-3.188791E+00
7.535000E+02,-3.680804E+00
7.540000E+02,-4.060068E+00
7.545000E+02,-4.301930E+00
7.550000E+02,-4.390424E+00
7.555000E+02,-4.320206E+00
7.560000E+02,-4.097223E+00
7.565000E+02,-3.737972E+00
7.570000E+02,-3.267469E+00
7.575000E+02,-2.716218E+00
7.580000E+02,-2.116693E+00
7.585000E+02,-1.499870E+00
7.590000E+02,-8.923697E-01
7.595000E+02,-3.146245E-01
7.600000E+02,2.197064E-01
7.605000E+02,7.030964E-01
7.610000E+02,1.132541E+00
7.615000E+02,1.507407E+00
7.620000E+02,1.827275E+00
7.625000E+02,2.090268E+00
7.630000E+02,2.292247E+00
7.635000E+02,2.427062E+00
7.640000E+02,2.487776E+00
7.645000E+02,2.468606E+00
7.650000E+02,2.367106E+00
7.655000E+02,2.186111E+00
7.660000E+02,1.934947E+00
7.665000E+02,1.629597E+00
7.670000E+02,1.291695E+00
7.675000E+02,9.464658E-01
7.680000E+02,6.199231E-01
7.685000E+02,3.358049E-01
7.690000E+02,1.127482E-01
7.695000E+02,-3.783057E-02
7.700000E+02,-1.128248E-01
7.705000E+02,-1.173675E-01
7.710000E+02,-6.367690E-02
7.715000E+02,3.092564E-02
7.720000E+02,1.464510E-01
7.725000E+02,2.627175E-01
7.730000E+02,3.614955E-01
7.735000E+02,4.280575E-01
7.740000E+02,4.520154E-01
7.745000E+02,4.274711E-01
7.750000E+02,3.526297E-01
7.755000E+02,2.290931E-01
7.760000E+02,6.106393E-02
7.765000E+02,-1.453498E-01
7.770000E+02,-3.826176E-01
7.775000E+02,-6.420360E-01
7.780000E+02,-9.138049E-01
7.785000E+02,-1.187045E+00
7.790000E+02,-1.449884E+00
7.795000E+02,-1.689717E+00
7.800000E+02,-1.893691E+00
7.805000E+02,-2.049406E+00
7.810000E+02,-2.145766E+00
7.815000E+02,-2.173844E+00
7.820000E+02,-2.127670E+00
7.825000E+02,-2.004800E+00
7.830000E+02,-1.806598E+00
7.835000E+02,-1.538218E+00
7.840000E+02,-1.208290E+00
7.845000E+02,-8.283836E-01
7.850000E+02,-4.123239E-01
7.855000E+02,2.455895E-02
7.860000E+02,4.661775E-01
7.865000E+02,8.963911E-01
7.870000E+02,1.299645E+00
7.875000E+02,1.661547E+00
7.880000E+02,1.969378E+00
7.885000E+02,2.212556E+00
7.890000E+02,2.383035E+00
7.895000E+02,2.475624E+00
7.900000E+02,2.488218E+00
7.905000E+02,2.421887E+00
7.910000E+02,2.280841E+00
7.915000E+02,2.072233E+00
7.920000E+02,1.805836E+00
7.925000E+02,1.493606E+00
7.930000E+02,1.149167E+00
7.935000E+02,7.872430E-01
7.940000E+02,4.230598E-01
7.945000E+02,7.173581E-02
7.950000E+02,-2.523502E-01
7.955000E+02,-5.362048E-01
7.960000E+02,-7.688774E-01
7.965000E+02,-9.421043E-01
7.970000E+02,-1.050896E+00
7.975000E+02,-1.094002E+00
7.980000E+02,-1.074164E+00
7.985000E+02,-9.980986E-01
7.990000E+02,-8.761313E-01
7.995000E+02,-7.214737E-01
8.000000E+02,-5.491776E-01
8.005000E+02,-3.748516E-01
8.010000E+02,-2.132802E-01
8.015000E+02,-7.711032E-02
8.020000E+02,2.422272E-02
8.025000E+02,8.518773E-02
8.030000E+02,1.043790E-01
8.035000E+02,8.424675E-02
8.040000E+02,3.039495E-02
8.045000E+02,-4.943196E-02
8.050000E+02,-1.465048E-01
8.055000E+02,-2.522286E-01
8.060000E+02,-3.590621E-01
8.065000E+02,-4.611265E-01
8.070000E+02,-5.544523E-01
8.075000E+02,-6.368875E-01
8.080000E+02,-7.077447E-01
8.085000E+02,-7.673079E-01
8.090000E+02,-8.163220E-01
8.095000E+02,-8.555757E-01
8.100000E+02,-8.856433E-01
8.105000E+02,-9.068013E-01
8.110000E+02,-9.190849E-01
8.115000E+02,-9.224145E-01
8.120000E+02,-9.167103E-01
8.125000E+02,-9.019243E-01
8.130000E+02,-8.779534E-01
8.135000E+02,-8.444457E-01
8.140000E+02,-8.005538E-01
8.145000E+02,-7.447280E-01
8.150000E+02,-6.746466E-01
8.155000E+02,-5.873673E-01
8.160000E+02,-4.797365E-01
8.165000E+02,-3.490326E-01
8.170000E+02,-1.937564E-01
8.175000E+02,-1.442170E-02
8.180000E+02,1.858236E-01
8.185000E+02,4.009128E-01
8.190000E+02,6.220348E-01
8.195000E+02,8.383136E-01
8.200000E+02,1.037945E+00
8.205000E+02,1.209646E+00
8.210000E+02,1.344201E+00
8.215000E+02,1.435843E+00
8.220000E+02,1.483210E+00
8.225000E+02,1.489688E+00
8.230000E+02,1.463036E+00
8.235000E+02,1.414306E+00
8.240000E+02,1.356206E+00
8.245000E+02,1.301161E+00
8.250000E+02,1.259373E+00
8.255000E+02,1.237209E+00
8.260000E+02,1.236187E+00
8.265000E+02,1.252744E+00
8.270000E+02,1.278824E+00
8.275000E+02,1.303195E+00
8.280000E+02,1.313274E+00
8.285000E+02,1.297156E+00
8.290000E+02,1.245508E+00
8.295000E+02,1.153015E+00
8.300000E+02,1.019151E+00
8.305000E+02,8.481640E-01
8.310000E+02,6.483019E-01
8.315000E+02,4.304329E-01
8.320000E+02,2.063152E-01
8.325000E+02,-1.318166E-02
8.330000E+02,-2.196057E-01
8.335000E+02,-4.079559E-01
8.340000E+02,-5.770711E-01
8.345000E+02,-7.293424E-01
8.350000E+02,-8.698298E-01
8.355000E+02,-1.004961E+00
8.360000E+02,-1.141056E+00
8.365000E+02,-1.282920E+00
8.370000E+02,-1.432755E+00
8.375000E+02,-1.589532E+00
8.380000E+02,-1.748927E+00
8.385000E+02,-1.903794E+00
8.390000E+02,-2.045078E+00
8.395000E+02,-2.163029E+00
8.400000E+02,-2.248486E+00
8.405000E+02,-2.294069E+00
8.410000E+02,-2.295086E+00
8.415000E+02,-2.250054E+00
8.420000E+02,-2.160767E+00
8.425000E+02,-2.031929E+00
8.430000E+02,-1.870436E+00
8.435000E+02,-1.684418E+00
8.440000E+02,-1.482190E+00
8.445000E+02,-1.271269E+00
8.450000E+02,-1.057585E+00
8.455000E+02,-8.449818E-01
8.460000E+02,-6.350599E-01
8.465000E+02,-4.273530E-01
8.470000E+02,-2.197921E-01
8.475000E+02,-9.364804E-03
8.480000E+02,2.071385E-01
8.485000E+02,4.324033E-01
8.490000E+02,6.679895E-01
8.495000E+02,9.139161E-01
8.500000E+02,1.168457E+00
8.505000E+02,1.428140E+00
8.510000E+02,1.687908E+00
8.515000E+02,1.941384E+00
8.520000E+02,2.181197E+00
8.525000E+02,2.399313E+00
8.530000E+02,2.587369E+00
8.535000E+02,2.737017E+00
8.540000E+02,2.840304E+00
8.545000E+02,2.890119E+00
8.550000E+02,2.880718E+00
8.555000E+02,2.808316E+00
8.560000E+02,2.671684E+00
8.565000E+02,2.472658E+00
8.570000E+02,2.216439E+00
8.575000E+02,1.911585E+00
8.580000E+02,1.569592E+00
8.585000E+02,1.204065E+00
8.590000E+02,8.295267E-01
8.595000E+02,4.600199E-01
8.600000E+02,1.076938E-01
8.605000E+02,-2.183706E-01
8.610000E+02,-5.128832E-01
8.615000E+02,-7.744579E-01
8.620000E+02,-1.005065E+00
8.625000E+02,-1.208901E+00
8.630000E+02,-1.390874E+00
8.635000E+02,-1.554999E+00
8.640000E+02,-1.703024E+00
8.645000E+02,-1.833581E+00
8.650000E+02,-1.942080E+00
8.655000E+02,-2.021375E+00
8.660000E+02,-2.063129E+00
8.665000E+02,-2.059598E+00
8.670000E+02,-2.005501E+00
8.675000E+02,-1.899568E+00
8.680000E+02,-1.745452E+00
8.685000E+02,-1.551766E+00
8.690000E+02,-1.331219E+00
8.695000E+02,-1.098981E+00
8.700000E+02,-8.705696E-01
8.705000E+02,-6.596642E-01
8.710000E+02,-4.762431E-01
8.715000E+02,-3.254009E-01
8.720000E+02,-2.070445E-01
8.725000E+02,-1.164954E-01
8.730000E+02,-4.584416E-02
8.735000E+02,1.423904E-02
8.740000E+02,7.261366E-02
8.745000E+02,1.360664E-01
8.750000E+02,2.082854E-01
8.755000E+02,2.895593E-01
8.760000E+02,3.771890E-01
8.765000E+02,4.664494E-01
8.770000E+02,5.518370E-01
8.775000E+02,6.283023E-01
8.780000E+02,6.921990E-01
8.785000E+02,7.417772E-01
8.790000E+02,7.771674E-01
8.795000E+02,7.999315E-01
8.800000E+02,8.123483E-01
8.805000E+02,8.166473E-01
8.810000E+02,8.143893E-01
8.815000E+02,8.061288E-01
8.820000E+02,7.914016E-01
8.825000E+02,7.689826E-01
8.830000E+02,7.372908E-01
8.835000E+02,6.947905E-01
8.840000E+02,6.402562E-01
8.845000E+02,5.728352E-01
8.850000E+02,4.919219E-01
8.855000E+02,3.969370E-01
8.860000E+02,2.871545E-01
8.865000E+02,1.617212E-01
8.870000E+02,1.996128E-02
8.875000E+02,-1.380241E-01
8.880000E+02,-3.105639E-01
8.885000E+02,-4.936212E-01
8.890000E+02,-6.802391E-01
8.895000E+02,-8.604625E-01
8.900000E+02,-1.021896E+00
8.905000E+02,-1.150935E+00
8.910000E+02,-1.234533E+00
8.915000E+02,-1.262259E+00
8.920000E+02,-1.228241E+00
8.925000E+02,-1.132621E+00
8.930000E+02,-9.821453E-01
8.935000E+02,-7.897137E-01
8.940000E+02,-5.728324E-01
8.945000E+02,-3.511911E-01
8.950000E+02,-1.437275E-01
8.955000E+02,3.431836E-02
8.960000E+02,1.738361E-01
8.965000E+02,2.733091E-01
8.970000E+02,3.390176E-01
8.975000E+02,3.839087E-01
8.980000E+02,4.252928E-01
8.985000E+02,4.817365E-01
8.990000E+02,5.696622E-01
8.995000E+02,7.002142E-01
9.000000E+02,8.769035E-01
9.005000E+02,1.094412E+00
9.010000E+02,1.338739E+00
9.015000E+02,1.588667E+00
9.020000E+02,1.818311E+00
9.025000E+02,2.000366E+00
9.030000E+02,2.109584E+00
9.035000E+02,2.125994E+00
9.040000E+02,2.037442E+00
9.045000E+02,1.841141E+00
9.050000E+02,1.544058E+00
9.055000E+02,1.162148E+00
9.060000E+02,7.185697E-01
9.065000E+02,2.411316E-01
9.070000E+02,-2.406782E-01
9.075000E+02,-6.987121E-01
9.080000E+02,-1.108868E+00
9.085000E+02,-1.453161E+00
9.090000E+02,-1.720935E+00
9.095000E+02,-1.909101E+00
9.100000E+02,-2.021406E+00
9.105000E+02,-2.066882E+00
9.110000E+02,-2.057726E+00
9.115000E+02,-2.006953E+00
9.120000E+02,-1.926190E+00
9.125000E+02,-1.823967E+00
9.130000E+02,-1.704787E+00
9.135000E+02,-1.569107E+00
9.140000E+02,-1.414236E+00
9.145000E+02,-1.235957E+00
9.150000E+02,-1.030566E+00
9.155000E+02,-7.969267E-01
9.160000E+02,-5.380996E-01
9.165000E+02,-2.622182E-01
9.170000E+02,1.763233E-02
9.175000E+02,2.845626E-01
9.180000E+02,5.198952E-01
9.185000E+02,7.057196E-01
9.190000E+02,8.275408E-01
9.195000E+02,8.765474E-01
9.200000E+02,8.510870E-01
9.205000E+02,7.570778E-01
9.210000E+02,6.072800E-01
9.215000E+02,4.195611E-01
9.220000E+02,2.144672E-01
9.225000E+02,1.253538E-02
9.230000E+02,-1.681904E-01
9.235000E+02,-3.140316E-01
9.240000E+02,-4.166645E-01
9.245000E+02,-4.731369E-01
9.250000E+02,-4.850097E-01
9.255000E+02,-4.568852E-01
9.260000E+02,-3.946766E-01
9.265000E+02,-3.039996E-01
9.270000E+02,-1.890040E-01
9.275000E+02,-5.185092E-02
9.280000E+02,1.071136E-01
9.285000E+02,2.885841E-01
9.290000E+02,4.931353E-01
9.295000E+02,7.199539E-01
9.300000E+02,9.657446E-01
9.305000E+02,1.224038E+00
9.310000E+02,1.485034E+00
9.315000E+02,1.736012E+00
9.320000E+02,1.962222E+00
9.325000E+02,2.148131E+00
9.330000E+02,2.278820E+00
9.335000E+02,2.341369E+00
9.340000E+02,2.326080E+00
9.345000E+02,2.227428E+00
9.350000E+02,2.044699E+00
9.355000E+02,1.782291E+00
9.360000E+02,1.449661E+00
9.365000E+02,1.060951E+00
9.370000E+02,6.342592E-01
9.375000E+02,1.905795E-01
9.380000E+02,-2.475765E-01
9.385000E+02,-6.578262E-01
9.390000E+02,-1.019725E+00
9.395000E+02,-1.316579E+00
9.400000E+02,-1.537053E+00
9.405000E+02,-1.676357E+00
9.410000E+02,-1.736791E+00
9.415000E+02,-1.727509E+00
9.420000E+02,-1.663461E+00
9.425000E+02,-1.563582E+00
9.430000E+02,-1.448446E+00
9.435000E+02,-1.337701E+00
9.440000E+02,-1.247638E+00
9.445000E+02,-1.189286E+00
9.450000E+02,-1.167301E+00
9.455000E+02,-1.179832E+00
9.460000E+02,-1.219360E+00
9.465000E+02,-1.274351E+00
9.470000E+02,-1.331410E+00
9.475000E+02,-1.377553E+00
9.480000E+02,-1.402194E+00
9.485000E+02,-1.398496E+00
9.490000E+02,-1.363895E+00
9.495000E+02,-1.299726E+00
9.500000E+02,-1.210111E+00
9.505000E+02,-1.100365E+00
9.510000E+02,-9.753021E-01
9.515000E+02,-8.378224E-01
9.520000E+02,-6.880984E-01
9.525000E+02,-5.235531E-01
9.530000E+02,-3.396476E-01
9.535000E+02,-1.313208E-01
9.540000E+02,1.052217E-01
9.545000E+02,3.707594E-01
9.550000E+02,6.617432E-01
9.555000E+02,9.697361E-01
9.560000E+02,1.281781E+00
9.565000E+02,1.581686E+00
9.570000E+02,1.852025E+00
9.575000E+02,2.076509E+00
9.580000E+02,2.242275E+00
9.585000E+02,2.341677E+00
9.590000E+02,2.373211E+00
9.595000E+02,2.341406E+00
9.600000E+02,2.255689E+00
9.605000E+02,2.128465E+00
9.610000E+02,1.972772E+00
9.615000E+02,1.800007E+00
9.620000E+02,1.618172E+00
9.625000E+02,1.430982E+00
9.630000E+02,1.238022E+00
9.635000E+02,1.035878E+00
9.640000E+02,8.199790E-01
9.645000E+02,5.867187E-01
9.650000E+02,3.353558E-01
9.655000E+02,6.923100E-02
9.660000E+02,-2.040122E-01
9.665000E+02,-4.732991E-01
9.670000E+02,-7.259326E-01
9.675000E+02,-9.499577E-01
9.680000E+02,-1.136553E+00
9.685000E+02,-1.281882E+00
9.690000E+02,-1.387930E+00
9.695000E+02,-1.462054E+00
9.700000E+02,-1.515252E+00
9.705000E+02,-1.559441E+00
9.710000E+02,-1.604298E+00
9.715000E+02,-1.654327E+00
9.720000E+02,-1.706839E+00
9.725000E+02,-1.751376E+00
9.730000E+02,-1.770823E+00
9.735000E+02,-1.744143E+00
9.740000E+02,-1.650283E+00
9.745000E+02,-1.472579E+00
9.750000E+02,-1.202790E+00
9.755000E+02,-8.439860E-01
9.760000E+02,-4.116260E-01
9.765000E+02,6.743716E-02
9.770000E+02,5.579584E-01
9.775000E+02,1.020830E+00
9.780000E+02,1.418374E+00
9.785000E+02,1.719494E+00
9.790000E+02,1.903788E+00
9.795000E+02,1.963953E+00
9.800000E+02,1.906102E+00
9.805000E+02,1.748035E+00
9.810000E+02,1.515841E+00
9.815000E+02,1.239520E+00
9.820000E+02,9.484336E-01
9.825000E+02,6.673650E-01
9.830000E+02,4.138135E-01
9.835000E+02,1.968453E-01
9.840000E+02,1.751245E-02
9.845000E+02,-1.294535E-01
9.850000E+02,-2.531721E-01
9.855000E+02,-3.639592E-01
9.860000E+02,-4.710290E-01
9.865000E+02,-5.809410E-01
9.870000E+02,-6.969572E-01
9.875000E+02,-8.192422E-01
9.880000E+02,-9.456526E-01
9.885000E+02,-1.072756E+00
9.890000E+02,-1.196721E+00
9.895000E+02,-1.313815E+00
9.900000E+02,-1.420389E+00
9.905000E+02,-1.512436E+00
9.910000E+02,-1.584913E+00
9.915000E+02,-1.631148E+00
9.920000E+02,-1.642621E+00
9.925000E+02,-1.609324E+00
9.930000E+02,-1.520784E+00
9.935000E+02,-1.367625E+00
9.940000E+02,-1.143432E+00
9.945000E+02,-8.465338E-01
9.950000E+02,-4.813643E-01
9.955000E+02,-5.905776E-02
9.960000E+02,4.028750E-01
9.965000E+02,8.818062E-01
9.970000E+02,1.352017E+00
9.975000E+02,1.787183E+00
9.980000E+02,2.162942E+00
9.985000E+02,2.459158E+00
9.990000E+02,2.661588E+00
9.995000E+02,2.762746E+00
1.000000E+03,2.761951E+00
1.000500E+03,2.664635E+00
1.001000E+03,2.481140E+00
1.001500E+03,2.225243E+00
1.002000E+03,1.912677E+00
1.002500E+03,1.559848E+00
1.003000E+03,1.182877E+00
1.003500E+03,7.969968E-01
1.004000E+03,4.162697E-01
1.004500E+03,5.351529E-02
1.005000E+03,-2.796663E-01
1.005500E+03,-5.728940E-01
1.006000E+03,-8.171107E-01
1.006500E+03,-1.004835E+00
1.007000E+03,-1.130553E+00
1.007500E+03,-1.191200E+00
1.008000E+03,-1.186668E+00
1.008500E+03,-1.120232E+00
1.009000E+03,-9.988224E-01
1.009500E+03,-8.330394E-01
1.010000E+03,-6.368513E-01
1.010500E+03,-4.269328E-01
1.011000E+03,-2.216348E-01
1.011500E+03,-3.962590E-02
1.012000E+03,1.017058E-01
1.012500E+03,1.879469E-01
1.013000E+03,2.092629E-01
1.013500E+03,1.616974E-01
1.014000E+03,4.795532E-02
1.014500E+03,-1.225047E-01
1.015000E+03,-3.341684E-01
1.015500E+03,-5.669491E-01
1.016000E+03,-7.983312E-01
1.016500E+03,-1.005934E+00
1.017000E+03,-1.170166E+00
1.017500E+03,-1.276606E+00
1.018000E+03,-1.317745E+00
1.018500E+03,-1.293834E+00
1.019000E+03,-1.212678E+00
1.019500E+03,-1.088400E+00
1.020000E+03,-9.393393E-01
1.020500E+03,-7.854060E-01
1.021000E+03,-6.452723E-01
1.021500E+03,-5.338157E-01
1.022000E+03,-4.601726E-01
1.022500E+03,-4.266590E-01
1.023000E+03,-4.286711E-01
1.023500E+03,-4.555327E-01
1.024000E+03,-4.921198E-01
1.024500E+03,-5.210024E-01
1.025000E+03,-5.247957E-01
1.025500E+03,-4.884182E-01
1.026000E+03,-4.009976E-01
1.026500E+03,-2.572394E-01
1.027000E+03,-5.814958E-02
1.027500E+03,1.889210E-01
1.028000E+03,4.708802E-01
1.028500E+03,7.700747E-01
1.029000E+03,1.065938E+00
1.029500E+03,1.336971E+00
1.030000E+03,1.562904E+00
1.030500E+03,1.726840E+00
1.031000E+03,1.817184E+00
1.031500E+03,1.829115E+00
1.032000E+03,1.765412E+00
1.032500E+03,1.636434E+00
1.033000E+03,1.459186E+00
1.033500E+03,1.255479E+00
1.034000E+03,1.049340E+00
1.034500E+03,8.639796E-01
1.035000E+03,7.186832E-01
1.035500E+03,6.260983E-01
1.036000E+03,5.903310E-01
1.036500E+03,6.061917E-01
1.037000E+03,6.597635E-01
1.037500E+03,7.302644E-01
1.038000E+03,7.929668E-01
1.038500E+03,8.227580E-01
1.039000E+03,7.978121E-01
1.039500E+03,7.028194E-01
1.040000E+03,5.312865E-01
1.040500E+03,2.865745E-01
1.041000E+03,-1.845361E-02
1.041500E+03,-3.630798E-01
1.042000E+03,-7.213781E-01
1.042500E+03,-1.065427E+00
1.043000E+03,-1.368597E+00
1.043500E+03,-1.608448E+00
1.044000E+03,-1.768878E+00
1.044500E+03,-1.841322E+00
1.045000E+03,-1.824959E+00
1.045500E+03,-1.726063E+00
1.046000E+03,-1.556699E+00
1.046500E+03,-1.333069E+00
1.047000E+03,-1.073757E+00
1.047500E+03,-7.980821E-01
1.048000E+03,-5.246940E-01
1.048500E+03,-2.704478E-01
1.049000E+03,-4.953114E-02
1.049500E+03,1.272024E-01
1.050000E+03,2.527436E-01
1.050500E+03,3.242925E-01
1.051000E+03,3.434454E-01
1.051500E+03,3.161292E-01
1.052000E+03,2.521980E-01
1.052500E+03,1.646211E-01
1.053000E+03,6.824973E-02
1.053500E+03,-2.177438E-02
1.054000E+03,-9.181826E-02
1.054500E+03,-1.315415E-01
1.055000E+03,-1.354017E-01
1.055500E+03,-1.036245E-01
1.056000E+03,-4.243709E-02
1.056500E+03,3.653576E-02
1.057000E+03,1.176876E-01
1.057500E+03,1.835021E-01
1.058000E+03,2.170101E-01
1.058500E+03,2.042921E-01
1.059000E+03,1.366646E-01
1.059500E+03,1.223061E-02
1.060000E+03,-1.634390E-01
1.060500E+03,-3.775966E-01
1.061000E+03,-6.115491E-01
1.061500E+03,-8.426609E-01
1.062000E+03,-1.046857E+00
1.062500E+03,-1.201295E+00
1.063000E+03,-1.286865E+00
1.063500E+03,-1.290203E+00
1.064000E+03,-1.205007E+00
1.064500E+03,-1.032520E+00
1.065000E+03,-7.811729E-01
1.065500E+03,-4.654988E-01
1.066000E+03,-1.044785E-01
1.066500E+03,2.804282E-01
1.067000E+03,6.673235E-01
1.067500E+03,1.035747E+00
1.068000E+03,1.368195E+00
1.068500E+03,1.651169E+00
1.069000E+03,1.875685E+00
1.069500E+03,2.037292E+00
1.070000E+03,2.135647E+00
1.070500E+03,2.173795E+00
1.071000E+03,2.157267E+00
1.071500E+03,2.093136E+00
1.072000E+03,1.989136E+00
1.072500E+03,1.852920E+00
1.073000E+03,1.691497E+00
1.073500E+03,1.510851E+00
1.074000E+03,1.315735E+00
1.074500E+03,1.109602E+00
1.075000E+03,8.946664E-01
1.075500E+03,6.720545E-01
1.076000E+03,4.420621E-01
1.076500E+03,2.045008E-01
1.077000E+03,-4.086041E-02
1.077500E+03,-2.937764E-01
1.078000E+03,-5.529655E-01
1.078500E+03,-8.155700E-01
1.079000E+03,-1.076724E+00
1.079500E+03,-1.329326E+00
1.080000E+03,-1.564111E+00
1.080500E+03,-1.770086E+00
1.081000E+03,-1.935357E+00
1.081500E+03,-2.048289E+00
1.082000E+03,-2.098911E+00
1.082500E+03,-2.080378E+00
1.083000E+03,-1.990291E+00
1.083500E+03,-1.831648E+00
1.084000E+03,-1.613249E+00
1.084500E+03,-1.349401E+00
1.085000E+03,-1.058902E+00
1.085500E+03,-7.633691E-01
1.086000E+03,-4.850679E-01
1.086500E+03,-2.445061E-01
1.087000E+03,-5.810251E-02
1.087500E+03,6.376100E-02
1.088000E+03,1.180219E-01
1.088500E+03,1.093594E-01
1.089000E+03,4.967093E-02
1.089500E+03,-4.335377E-02
1.090000E+03,-1.483948E-01
1.090500E+03,-2.431314E-01
1.091000E+03,-3.070017E-01
1.091500E+03,-3.237381E-01
1.092000E+03,-2.833473E-01
1.092500E+03,-1.832829E-01
1.093000E+03,-2.865988E-02
1.093500E+03,1.685059E-01
1.094000E+03,3.909227E-01
1.094500E+03,6.182862E-01
1.095000E+03,8.298681E-01
1.095500E+03,1.007079E+00
1.096000E+03,1.135659E+00
1.096500E+03,1.207209E+00
1.097000E+03,1.219864E+00
1.097500E+03,1.178055E+00
1.098000E+03,1.091411E+00
1.098500E+03,9.730109E-01
1.099000E+03,8.372608E-01
1.099500E+03,6.977504E-01
1.100000E+03,5.654186E-01
1.100500E+03,4.473142E-01
1.101000E+03,3.461313E-01
1.101500E+03,2.605651E-01
1.102000E+03,1.863916E-01
1.102500E+03,1.180513E-01
1.103000E+03,5.042388E-02
1.103500E+03,-1.954764E-02
1.104000E+03,-9.170366E-02
1.104500E+03,-1.622169E-01
1.105000E+03,-2.239490E-01
1.105500E+03,-2.675693E-01
1.106000E+03,-2.832481E-01
1.106500E+03,-2.626226E-01
1.107000E+03,-2.006784E-01
1.107500E+03,-9.719074E-02
1.108000E+03,4.255318E-02
1.108500E+03,2.079128E-01
1.109000E+03,3.839369E-01
1.109500E+03,5.531389E-01
1.110000E+03,6.977228E-01
1.110500E+03,8.018955E-01
1.111000E+03,8.538843E-01
1.111500E+03,8.473310E-01
1.112000E+03,7.818405E-01
1.112500E+03,6.626125E-01
1.113000E+03,4.992421E-01
1.113500E+03,3.039193E-01
1.114000E+03,8.935806E-02
1.114500E+03,-1.331711E-01
1.115000E+03,-3.553591E-01
1.115500E+03,-5.726623E-01
1.116000E+03,-7.842605E-01
1.116500E+03,-9.921914E-01
1.117000E+03,-1.199829E+00
1.117500E+03,-1.409992E+00
1.118000E+03,-1.623045E+00
1.118500E+03,-1.835343E+00
1.119000E+03,-2.038339E+00
1.119500E+03,-2.218551E+00
1.120000E+03,-2.358458E+00
1.120500E+03,-2.438226E+00
1.121000E+03,-2.438050E+00
1.121500E+03,-2.340787E+00
1.122000E+03,-2.134500E+00
1.122500E+03,-1.814546E+00
1.123000E+03,-1.384915E+00
1.123500E+03,-8.586140E-01
1.124000E+03,-2.570493E-01
1.124500E+03,3.915292E-01
1.125000E+03,1.054303E+00
1.125500E+03,1.696602E+00
1.126000E+03,2.284723E+00
1.126500E+03,2.788535E+00
1.127000E+03,3.183605E+00
1.127500E+03,3.452655E+00
1.128000E+03,3.586287E+00
1.128500E+03,3.582999E+00
1.129000E+03,3.448599E+00
1.129500E+03,3.195175E+00
1.130000E+03,2.839815E+00
1.130500E+03,2.403225E+00
1.131000E+03,1.908366E+00
1.131500E+03,1.379200E+00
1.132000E+03,8.395375E-01
1.132500E+03,3.119986E-01
1.133000E+03,-1.829469E-01
1.133500E+03,-6.278698E-01
1.134000E+03,-1.009184E+00
1.134500E+03,-1.317806E+00
1.135000E+03,-1.549592E+00
1.135500E+03,-1.705454E+00
1.136000E+03,-1.791065E+00
1.136500E+03,-1.816133E+00
1.137000E+03,-1.793243E+00
1.137500E+03,-1.736377E+00
1.138000E+03,-1.659274E+00
1.138500E+03,-1.573841E+00
1.139000E+03,-1.488838E+00
1.139500E+03,-1.409043E+00
1.140000E+03,-1.335030E+00
1.140500E+03,-1.263595E+00
1.141000E+03,-1.188783E+00
1.141500E+03,-1.103337E+00
1.142000E+03,-1.000342E+00
1.142500E+03,-8.747911E-01
1.143000E+03,-7.248153E-01
1.143500E+03,-5.523740E-01
1.144000E+03,-3.632946E-01
1.144500E+03,-1.666569E-01
1.145000E+03,2.637132E-02
1.145500E+03,2.040592E-01
1.146000E+03,3.557504E-01
1.146500E+03,4.733578E-01
1.147000E+03,5.524881E-01
1.147500E+03,5.930321E-01
1.148000E+03,5.991466E-01
1.148500E+03,5.786430E-01
1.149000E+03,5.418865E-01
1.149500E+03,5.003742E-01
1.150000E+03,4.651977E-01
1.150500E+03,4.456004E-01
1.151000E+03,4.478214E-01
1.151500E+03,4.743634E-01
1.152000E+03,5.237692E-01
1.152500E+03,5.909145E-01
1.153000E+03,6.677647E-01
1.153500E+03,7.444835E-01
1.154000E+03,8.107430E-01
1.154500E+03,8.570636E-01
1.155000E+03,8.760128E-01
1.155500E+03,8.631161E-01
1.156000E+03,8.173722E-01
1.156500E+03,7.413206E-01
1.157000E+03,6.406702E-01
1.157500E+03,5.235552E-01
1.158000E+03,3.995368E-01
1.158500E+03,2.784956E-01
1.159000E+03,1.695697E-01
1.159500E+03,8.027604E-02
1.160000E+03,1.591262E-02
1.160500E+03,-2.071319E-02
1.161000E+03,-2.924344E-02
1.161500E+03,-1.147992E-02
1.162000E+03,2.905498E-02
1.162500E+03,8.759685E-02
1.163000E+03,1.585613E-01
1.163500E+03,2.358484E-01
1.164000E+03,3.130159E-01
1.164500E+03,3.833553E-01
1.165000E+03,4.399399E-01
1.165500E+03,4.757310E-01
1.166000E+03,4.838145E-01
1.166500E+03,4.578089E-01
1.167000E+03,3.924344E-01
1.167500E+03,2.841786E-01
1.168000E+03,1.319535E-01
1.168500E+03,-6.238512E-02
1.169000E+03,-2.937759E-01
1.169500E+03,-5.540322E-01
1.170000E+03,-8.322898E-01
1.170500E+03,-1.115782E+00
1.171000E+03,-1.390837E+00
1.171500E+03,-1.643959E+00
1.172000E+03,-1.862831E+00
1.172500E+03,-2.037110E+00
1.173000E+03,-2.158926E+00
1.173500E+03,-2.223069E+00
1.174000E+03,-2.226904E+00
1.174500E+03,-2.170113E+00
1.175000E+03,-2.054376E+00
1.175500E+03,-1.883113E+00
1.176000E+03,-1.661330E+00
1.176500E+03,-1.395612E+00
1.177000E+03,-1.094177E+00
1.177500E+03,-7.669141E-01
1.178000E+03,-4.252686E-01
1.178500E+03,-8.186918E-02
1.179000E+03,2.501603E-01
1.179500E+03,5.581928E-01
1.180000E+03,8.312934E-01
1.180500E+03,1.061446E+00
1.181000E+03,1.244592E+00
1.181500E+03,1.381265E+00
1.182000E+03,1.476633E+00
1.182500E+03,1.539873E+00
1.183000E+03,1.582874E+00
1.183500E+03,1.618429E+00
1.184000E+03,1.658142E+00
1.184500E+03,1.710380E+00
1.185000E+03,1.778580E+00
1.185500E+03,1.860236E+00
1.186000E+03,1.946744E+00
1.186500E+03,2.024215E+00
1.187000E+03,2.075173E+00
1.187500E+03,2.080949E+00
1.188000E+03,2.024447E+00
1.188500E+03,1.892880E+00
1.189000E+03,1.680102E+00
1.189500E+03,1.388137E+00
1.190000E+03,1.027686E+00
1.190500E+03,6.174606E-01
1.191000E+03,1.824082E-01
1.191500E+03,-2.489680E-01
1.192000E+03,-6.478522E-01
1.192500E+03,-9.884797E-01
1.193000E+03,-1.251154E+00
1.193500E+03,-1.424488E+00
1.194000E+03,-1.506538E+00
1.194500E+03,-1.504670E+00
1.195000E+03,-1.434180E+00
1.195500E+03,-1.315868E+00
1.196000E+03,-1.172972E+00
1.196500E+03,-1.027911E+00
1.197000E+03,-8.993732E-01
1.197500E+03,-8.001800E-01
1.198000E+03,-7.362483E-01
1.198500E+03,-7.067608E-01
1.199000E+03,-7.054413E-01
1.199500E+03,-7.226329E-01
1.200000E+03,-7.477314E-01
1.200500E+03,-7.714711E-01
1.201000E+03,-7.876030E-01
1.201500E+03,-7.936435E-01
1.202000E+03,-7.905773E-01
1.202500E+03,-7.816290E-01
1.203000E+03,-7.704305E-01
1.203500E+03,-7.590512E-01
1.204000E+03,-7.464012E-01
1.204500E+03,-7.274457E-01
1.205000E+03,-6.934967E-01
1.205500E+03,-6.336062E-01
1.206000E+03,-5.368312E-01
1.206500E+03,-3.949230E-01
1.207000E+03,-2.048650E-01
1.207500E+03,2.932154E-02
1.208000E+03,2.959654E-01
1.208500E+03,5.765610E-01
1.209000E+03,8.479589E-01
1.209500E+03,1.085591E+00
1.210000E+03,1.267160E+00
1.210500E+03,1.376117E+00
1.211000E+03,1.404248E+00
1.211500E+03,1.352890E+00
1.212000E+03,1.232517E+00
1.212500E+03,1.060778E+00
1.213000E+03,8.593783E-01
1.213500E+03,6.503807E-01
1.214000E+03,4.526627E-01
1.214500E+03,2.791740E-01
1.215000E+03,1.354965E-01
1.215500E+03,1.992687E-02
1.216000E+03,-7.500254E-02
1.216500E+03,-1.599322E-01
1.217000E+03,-2.455785E-01
1.217500E+03,-3.397782E-01
1.218000E+03,-4.452639E-01
1.218500E+03,-5.585940E-01
1.219000E+03,-6.704135E-01
1.219500E+03,-7.669511E-01
1.220000E+03,-8.324259E-01
1.220500E+03,-8.518757E-01
1.221000E+03,-8.138665E-01
1.221500E+03,-7.125966E-01
1.222000E+03,-5.490502E-01
1.222500E+03,-3.310523E-01
1.223000E+03,-7.228014E-02
1.223500E+03,2.095380E-01
1.224000E+03,4.948898E-01
1.224500E+03,7.648276E-01
1.225000E+03,1.003042E+00
1.225500E+03,1.197390E+00
1.226000E+03,1.340734E+00
1.226500E+03,1.431033E+00
1.227000E+03,1.470792E+00
1.227500E+03,1.465979E+00
1.228000E+03,1.424612E+00
1.228500E+03,1.355210E+00
1.229000E+03,1.265294E+00
1.229500E+03,1.160125E+00
1.230000E+03,1.041817E+00
1.230500E+03,9.089584E-01
1.231000E+03,7.568154E-01
1.231500E+03,5.781517E-01
1.232000E+03,3.646134E-01
1.232500E+03,1.085464E-01
1.233000E+03,-1.949742E-01
1.233500E+03,-5.462017E-01
1.234000E+03,-9.391934E-01
1.234500E+03,-1.361028E+00
1.235000E+03,-1.791999E+00
1.235500E+03,-2.206904E+00
1.236000E+03,-2.577333E+00
1.236500E+03,-2.874731E+00
1.237000E+03,-3.073777E+00
1.237500E+03,-3.155594E+00
1.238000E+03,-3.110242E+00
1.238500E+03,-2.938073E+00
1.239000E+03,-2.649680E+00
1.239500E+03,-2.264439E+00
1.240000E+03,-1.807857E+00
1.240500E+03,-1.308202E+00
1.241000E+03,-7.929644E-01
1.241500E+03,-2.857908E-01
1.242000E+03,1.956321E-01
1.242500E+03,6.404061E-01
1.243000E+03,1.043912E+00
1.243500E+03,1.406163E+00
1.244000E+03,1.729450E+00
1.244500E+03,2.015822E+00
1.245000E+03,2.264974E+00
1.245500E+03,2.473006E+00
1.246000E+03,2.632301E+00
1.246500E+03,2.732571E+00
1.247000E+03,2.762812E+00
1.247500E+03,2.713774E+00
1.248000E+03,2.580416E+00
1.248500E+03,2.363839E+00
1.249000E+03,2.072298E+00
1.249500E+03,1.721077E+00
1.250000E+03,1.331230E+00
1.250500E+03,9.274047E-01
1.251000E+03,5.351167E-01
1.251500E+03,1.779072E-01
1.252000E+03,-1.251734E-01
1.252500E+03,-3.614254E-01
1.253000E+03,-5.255002E-01
1.253500E+03,-6.194994E-01
1.254000E+03,-6.522683E-01
1.254500E+03,-6.380795E-01
1.255000E+03,-5.949425E-01
1.255500E+03,-5.427625E-01
1.256000E+03,-5.015279E-01
1.256500E+03,-4.896322E-01
1.257000E+03,-5.223855E-01
1.257500E+03,-6.107274E-01
1.258000E+03,-7.601553E-01
1.258500E+03,-9.699029E-01
1.259000E+03,-1.232442E+00
1.259500E+03,-1.533415E+00
1.260000E+03,-1.852124E+00
1.260500E+03,-2.162653E+00
1.261000E+03,-2.435676E+00
1.261500E+03,-2.640869E+00
1.262000E+03,-2.749749E+00
1.262500E+03,-2.738673E+00
1.263000E+03,-2.591646E+00
1.263500E+03,-2.302572E+00
1.264000E+03,-1.876626E+00
1.264500E+03,-1.330523E+00
1.265000E+03,-6.915982E-01
1.265500E+03,4.242994E-03
1.266000E+03,7.154768E-01
1.266500E+03,1.398495E+00
1.267000E+03,2.011320E+00
1.267500E+03,2.517100E+00
1.268000E+03,2.887038E+00
1.268500E+03,3.102484E+00
1.269000E+03,3.156058E+00
1.269500E+03,3.051768E+00
1.270000E+03,2.804207E+00
1.270500E+03,2.436975E+00
1.271000E+03,1.980534E+00
1.271500E+03,1.469691E+00
1.272000E+03,9.409313E-01
1.272500E+03,4.297550E-01
1.273000E+03,-3.180137E-02
1.273500E+03,-4.173379E-01
1.274000E+03,-7.078282E-01
1.274500E+03,-8.928083E-01
1.275000E+03,-9.709201E-01
1.275500E+03,-9.497334E-01
1.276000E+03,-8.448179E-01
1.276500E+03,-6.780929E-01
1.277000E+03,-4.755614E-01
1.277500E+03,-2.646157E-01
1.278000E+03,-7.117368E-02
1.278500E+03,8.304393E-02
1.279000E+03,1.827724E-01
1.279500E+03,2.207073E-01
1.280000E+03,1.980418E-01
1.280500E+03,1.239433E-01
1.281000E+03,1.401440E-02
1.281500E+03,-1.120680E-01
1.282000E+03,-2.334233E-01
1.282500E+03,-3.309503E-01
1.283000E+03,-3.900031E-01
1.283500E+03,-4.023805E-01
1.284000E+03,-3.673495E-01
1.284500E+03,-2.915671E-01
1.285000E+03,-1.879324E-01
1.285500E+03,-7.356019E-02
1.286000E+03,3.280266E-02
1.286500E+03,1.135216E-01
1.287000E+03,1.545724E-01
1.287500E+03,1.474401E-01
1.288000E+03,9.017379E-02
1.288500E+03,-1.250601E-02
1.289000E+03,-1.500001E-01
1.289500E+03,-3.073478E-01
1.290000E+03,-4.672004E-01
1.290500E+03,-6.119429E-01
1.291000E+03,-7.256739E-01
1.291500E+03,-7.958108E-01
1.292000E+03,-8.141781E-01
1.292500E+03,-7.775338E-01
1.293000E+03,-6.875714E-01
1.293500E+03,-5.504949E-01
1.294000E+03,-3.762892E-01
1.294500E+03,-1.777996E-01
1.295000E+03,3.028886E-02
1.295500E+03,2.325192E-01
1.296000E+03,4.137475E-01
1.296500E+03,5.602259E-01
1.297000E+03,6.606521E-01
1.297500E+03,7.071269E-01
1.298000E+03,6.959288E-01
1.298500E+03,6.279969E-01
1.299000E+03,5.090101E-01
1.299500E+03,3.489920E-01
1.300000E+03,1.614242E-01
1.300500E+03,-3.805771E-02
1.301000E+03,-2.332353E-01
1.301500E+03,-4.089270E-01
1.302000E+03,-5.524155E-01
1.302500E+03,-6.544663E-01
1.303000E+03,-7.097934E-01
1.303500E+03,-7.169389E-01
1.304000E+03,-6.776543E-01
1.304500E+03,-5.959766E-01
1.305000E+03,-4.772544E-01
1.305500E+03,-3.273775E-01
1.306000E+03,-1.524003E-01
1.306500E+03,4.137192E-02
1.307000E+03,2.469067E-01
1.307500E+03,4.557860E-01
1.308000E+03,6.576610E-01
1.308500E+03,8.401271E-01
1.309000E+03,9.892570E-01
1.309500E+03,1.090879E+00
1.310000E+03,1.132499E+00
1.310500E+03,1.105567E+00
1.311000E+03,1.007648E+00
1.311500E+03,8.439905E-01
1.312000E+03,6.280442E-01
1.312500E+03,3.806435E-01
1.313000E+03,1.278170E-01
1.313500E+03,-1.025324E-01
1.314000E+03,-2.845748E-01
1.314500E+03,-3.984580E-01
1.315000E+03,-4.334531E-01
1.315500E+03,-3.897318E-01
1.316000E+03,-2.783961E-01
1.316500E+03,-1.197077E-01
1.317000E+03,6.019338E-02
1.317500E+03,2.334961E-01
1.318000E+03,3.750844E-01
1.318500E+03,4.662664E-01
1.319000E+03,4.972066E-01
1.319500E+03,4.676662E-01
1.320000E+03,3.860046E-01
1.320500E+03,2.667424E-01
1.321000E+03,1.272649E-01
1.321500E+03,-1.560744E-02
1.322000E+03,-1.484691E-01
1.322500E+03,-2.630531E-01
1.323000E+03,-3.565635E-01
1.323500E+03,-4.306816E-01
1.324000E+03,-4.896112E-01
1.324500E+03,-5.377384E-01
1.325000E+03,-5.775426E-01
1.325500E+03,-6.083101E-01
1.326000E+03,-6.259824E-01
1.326500E+03,-6.241736E-01
1.327000E+03,-5.960929E-01
1.327500E+03,-5.368696E-01
1.328000E+03,-4.456672E-01
1.328500E+03,-3.270071E-01
1.329000E+03,-1.909007E-01
1.329500E+03,-5.166717E-02
1.330000E+03,7.437454E-02
1.330500E+03,1.718717E-01
1.331000E+03,2.294236E-01
1.331500E+03,2.419177E-01
1.332000E+03,2.116688E-01
1.332500E+03,1.480659E-01
1.333000E+03,6.575061E-02
1.333500E+03,-1.832803E-02
1.334000E+03,-8.838374E-02
1.334500E+03,-1.330689E-01
1.335000E+03,-1.478647E-01
1.335500E+03,-1.360727E-01
1.336000E+03,-1.081823E-01
1.336500E+03,-7.972363E-02
1.337000E+03,-6.802716E-02
1.337500E+03,-8.853382E-02
1.338000E+03,-1.513897E-01
1.338500E+03,-2.589975E-01
1.339000E+03,-4.050024E-01
1.339500E+03,-5.749031E-01
1.340000E+03,-7.481622E-01
1.340500E+03,-9.014056E-01
1.341000E+03,-1.012109E+00
1.341500E+03,-1.062096E+00
1.342000E+03,-1.040237E+00
1.342500E+03,-9.439167E-01
1.343000E+03,-7.790723E-01
1.343500E+03,-5.588953E-01
1.344000E+03,-3.015039E-01
1.344500E+03,-2.706797E-02
1.345000E+03,2.450799E-01
1.345500E+03,4.988553E-01
1.346000E+03,7.229951E-01
1.346500E+03,9.116208E-01
1.347000E+03,1.063818E+00
1.347500E+03,1.182439E+00
1.348000E+03,1.272446E+00
1.348500E+03,1.339168E+00
1.349000E+03,1.386824E+00
1.349500E+03,1.417545E+00
1.350000E+03,1.431054E+00
1.350500E+03,1.424970E+00
1.351000E+03,1.395619E+00
1.351500E+03,1.339145E+00
1.352000E+03,1.252656E+00
1.352500E+03,1.135185E+00
1.353000E+03,9.882840E-01
1.353500E+03,8.161620E-01
1.354000E+03,6.253615E-01
1.354500E+03,4.240717E-01
1.355000E+03,2.212233E-01
1.355500E+03,2.554446E-02
1.356000E+03,-1.552488E-01
1.356500E+03,-3.149986E-01
1.357000E+03,-4.493207E-01
1.357500E+03,-5.554993E-01
1.358000E+03,-6.321393E-01
1.358500E+03,-6.787080E-01
1.359000E+03,-6.951201E-01
1.359500E+03,-6.815053E-01
1.360000E+03,-6.382550E-01
1.360500E+03,-5.663715E-01
1.361000E+03,-4.680600E-01
1.361500E+03,-3.474285E-01
1.362000E+03,-2.111054E-01
1.362500E+03,-6.856923E-02
1.363000E+03,6.798649E-02
1.363500E+03,1.843586E-01
1.364000E+03,2.656086E-01
1.364500E+03,2.977863E-01
1.365000E+03,2.698718E-01
1.365500E+03,1.756276E-01
1.366000E+03,1.502880E-02
1.366500E+03,-2.050249E-01
1.367000E+03,-4.709116E-01
1.367500E+03,-7.634577E-01
1.368000E+03,-1.059964E+00
1.368500E+03,-1.336819E+00
1.369000E+03,-1.572320E+00
1.369500E+03,-1.749262E+00
1.370000E+03,-1.856887E+00
1.370500E+03,-1.891899E+00
1.371000E+03,-1.858368E+00
1.371500E+03,-1.766582E+00
1.372000E+03,-1.631060E+00
1.372500E+03,-1.468061E+00
1.373000E+03,-1.293036E+00
1.373500E+03,-1.118443E+00
1.374000E+03,-9.522501E-01
1.374500E+03,-7.973413E-01
1.375000E+03,-6.518404E-01
1.375500E+03,-5.102300E-01
1.376000E+03,-3.649904E-01
1.376500E+03,-2.084284E-01
1.377000E+03,-3.435761E-02
1.377500E+03,1.606437E-01
1.378000E+03,3.765658E-01
1.378500E+03,6.099309E-01
1.379000E+03,8.543063E-01
1.379500E+03,1.101201E+00
1.380000E+03,1.341137E+00
1.380500E+03,1.564688E+00
1.381000E+03,1.763348E+00
1.381500E+03,1.930127E+00
1.382000E+03,2.059887E+00
1.382500E+03,2.149454E+00
1.383000E+03,2.197593E+00
1.383500E+03,2.204914E+00
1.384000E+03,2.173754E+00
1.384500E+03,2.108032E+00
1.385000E+03,2.013047E+00
1.385500E+03,1.895144E+00
1.386000E+03,1.761216E+00
1.386500E+03,1.618033E+00
1.387000E+03,1.471443E+00
1.387500E+03,1.325556E+00
1.388000E+03,1.182088E+00
1.388500E+03,1.040019E+00
1.389000E+03,8.957159E-01
1.389500E+03,7.435797E-01
1.390000E+03,5.771901E-01
1.390500E+03,3.907819E-01
1.391000E+03,1.808111E-01
1.391500E+03,-5.269848E-02
1.392000E+03,-3.053291E-01
1.392500E+03,-5.681929E-01
1.393000E+03,-8.287105E-01
1.393500E+03,-1.072184E+00
1.394000E+03,-1.283942E+00
1.394500E+03,-1.451695E+00
1.395000E+03,-1.567678E+00
1.395500E+03,-1.630156E+00
1.396000E+03,-1.643978E+00
1.396500E+03,-1.620009E+00
1.397000E+03,-1.573494E+00
1.397500E+03,-1.521605E+00
1.398000E+03,-1.480577E+00
1.398500E+03,-1.462954E+00
1.399000E+03,-1.475430E+00
1.399500E+03,-1.517692E+00
1.400000E+03,-1.582475E+00
1.400500E+03,-1.656830E+00
1.401000E+03,-1.724368E+00
1.401500E+03,-1.768059E+00
1.402000E+03,-1.773082E+00
1.402500E+03,-1.729199E+00
1.403000E+03,-1.632232E+00
1.403500E+03,-1.484414E+00
1.404000E+03,-1.293583E+00
1.404500E+03,-1.071443E+00
1.405000E+03,-8.312645E-01
1.405500E+03,-5.855079E-01
1.406000E+03,-3.438599E-01
1.406500E+03,-1.120528E-01
1.407000E+03,1.083229E-01
1.407500E+03,3.190211E-01
1.408000E+03,5.235760E-01
1.408500E+03,7.253483E-01
1.409000E+03,9.256383E-01
1.409500E+03,1.122306E+00
1.410000E+03,1.309230E+00
1.410500E+03,1.476756E+00
1.411000E+03,1.613094E+00
1.411500E+03,1.706388E+00
1.412000E+03,1.747093E+00
1.412500E+03,1.730163E+00
1.413000E+03,1.656637E+00
1.413500E+03,1.534269E+00
1.414000E+03,1.377068E+00
1.414500E+03,1.203773E+00
1.415000E+03,1.035497E+00
1.415500E+03,8.929262E-01
1.416000E+03,7.935013E-01
1.416500E+03,7.490303E-01
1.417000E+03,7.640806E-01
1.417500E+03,8.353655E-01
1.418000E+03,9.521779E-01
1.418500E+03,1.097761E+00
1.419000E+03,1.251378E+00
1.419500E+03,1.390769E+00
1.420000E+03,1.494648E+00
1.420500E+03,1.544946E+00
1.421000E+03,1.528546E+00
1.421500E+03,1.438375E+00
1.422000E+03,1.273799E+00
1.422500E+03,1.040338E+00
1.423000E+03,7.488184E-01
1.423500E+03,4.140678E-01
1.424000E+03,5.333378E-02
1.424500E+03,-3.154310E-01
1.425000E+03,-6.752500E-01
1.425500E+03,-1.011619E+00
1.426000E+03,-1.313682E+00
1.426500E+03,-1.574959E+00
1.427000E+03,-1.793552E+00
1.427500E+03,-1.971782E+00
1.428000E+03,-2.115279E+00
1.428500E+03,-2.231631E+00
1.429000E+03,-2.328747E+00
1.429500E+03,-2.413155E+00
1.430000E+03,-2.488500E+00
1.430500E+03,-2.554464E+00
1.431000E+03,-2.606317E+00
1.431500E+03,-2.635206E+00
1.432000E+03,-2.629153E+00
1.432500E+03,-2.574670E+00
1.433000E+03,-2.458741E+00
1.433500E+03,-2.270886E+00
1.434000E+03,-2.004988E+00
1.434500E+03,-1.660616E+00
1.435000E+03,-1.243632E+00
1.435500E+03,-7.660099E-01
1.436000E+03,-2.449037E-01
1.436500E+03,2.988738E-01
1.437000E+03,8.427358E-01
1.437500E+03,1.364290E+00
1.438000E+03,1.843134E+00
1.438500E+03,2.262278E+00
1.439000E+03,2.609065E+00
1.439500E+03,2.875559E+00
1.440000E+03,3.058452E+00
1.440500E+03,3.158601E+00
1.441000E+03,3.180317E+00
1.441500E+03,3.130557E+00
1.442000E+03,3.018106E+00
1.442500E+03,2.852835E+00
1.443000E+03,2.645044E+00
1.443500E+03,2.404918E+00
1.444000E+03,2.142067E+00
1.444500E+03,1.865141E+00
1.445000E+03,1.581536E+00
1.445500E+03,1.297193E+00
1.446000E+03,1.016507E+00
1.446500E+03,7.423724E-01
1.447000E+03,4.763530E-01
1.447500E+03,2.189515E-01
1.448000E+03,-3.006411E-02
1.448500E+03,-2.713475E-01
1.449000E+03,-5.057326E-01
1.449500E+03,-7.341088E-01
1.450000E+03,-9.574224E-01
1.450500E+03,-1.176770E+00
1.451000E+03,-1.393510E+00
1.451500E+03,-1.609303E+00
1.452000E+03,-1.825976E+00
1.452500E+03,-2.045151E+00
1.453000E+03,-2.267624E+00
1.453500E+03,-2.492546E+00
1.454000E+03,-2.716534E+00
1.454500E+03,-2.932889E+00
1.455000E+03,-3.131113E+00
1.455500E+03,-3.296925E+00
1.456000E+03,-3.412886E+00
1.456500E+03,-3.459675E+00
1.457000E+03,-3.417949E+00
1.457500E+03,-3.270605E+00
1.458000E+03,-3.005173E+00
1.458500E+03,-2.616024E+00
1.459000E+03,-2.106073E+00
1.459500E+03,-1.487698E+00
1.460000E+03,-7.826837E-01
1.460500E+03,-2.112514E-02
1.461000E+03,7.606481E-01
1.461500E+03,1.522933E+00
1.462000E+03,2.226005E+00
1.462500E+03,2.833597E+00
1.463000E+03,3.316119E+00
1.463500E+03,3.653250E+00
1.464000E+03,3.835619E+00
1.464500E+03,3.865368E+00
1.465000E+03,3.755559E+00
1.465500E+03,3.528471E+00
1.466000E+03,3.213015E+00
1.466500E+03,2.841578E+00
1.467000E+03,2.446663E+00
1.467500E+03,2.057747E+00
1.468000E+03,1.698723E+00
1.468500E+03,1.386211E+00
1.469000E+03,1.128905E+00
1.469500E+03,9.279638E-01
1.470000E+03,7.782957E-01
1.470500E+03,6.704674E-01
1.471000E+03,5.928658E-01
1.471500E+03,5.337318E-01
1.472000E+03,4.827263E-01
1.472500E+03,4.318027E-01
1.473000E+03,3.753139E-01
1.473500E+03,3.094543E-01
1.474000E+03,2.312828E-01
1.474500E+03,1.376738E-01
1.475000E+03,2.455815E-02
1.475500E+03,-1.132446E-01
1.476000E+03,-2.814436E-01
1.476500E+03,-4.849733E-01
1.477000E+03,-7.261958E-01
1.477500E+03,-1.002998E+00
1.478000E+03,-1.307258E+00
1.478500E+03,-1.624152E+00
1.479000E+03,-1.932634E+00
1.479500E+03,-2.207234E+00
1.480000E+03,-2.421051E+00
1.480500E+03,-2.549549E+00
1.481000E+03,-2.574571E+00
1.481500E+03,-2.487878E+00
1.482000E+03,-2.293529E+00
1.482500E+03,-2.008591E+00
1.483000E+03,-1.661908E+00
1.483500E+03,-1.291002E+00
1.484000E+03,-9.374875E-01
1.484500E+03,-6.416586E-01
1.485000E+03,-4.370552E-01
1.485500E+03,-3.458451E-01
1.486000E+03,-3.757224E-01
1.486500E+03,-5.187829E-01
1.487000E+03,-7.525169E-01
1.487500E+03,-1.042729E+00
1.488000E+03,-1.347903E+00
1.488500E+03,-1.624331E+00
1.489000E+03,-1.831258E+00
1.489500E+03,-1.935341E+00
1.490000E+03,-1.913887E+00
1.490500E+03,-1.756549E+00
1.491000E+03,-1.465459E+00
1.491500E+03,-1.053945E+00
1.492000E+03,-5.442247E-01
1.492500E+03,3.549490E-02
1.493000E+03,6.540481E-01
1.493500E+03,1.280083E+00
1.494000E+03,1.884305E+00
1.494500E+03,2.441058E+00
1.495000E+03,2.929238E+00
1.495500E+03,3.332621E+00
1.496000E+03,3.639772E+00
1.496500E+03,3.843682E+00
1.497000E+03,3.941297E+00
1.497500E+03,3.933030E+00
1.498000E+03,3.822347E+00
1.498500E+03,3.615427E+00
1.499000E+03,3.320915E+00
1.499500E+03,2.949722E+00
1.500000E+03,2.514856E+00
1.500500E+03,2.031238E+00
1.501000E+03,1.515470E+00
1.501500E+03,9.855037E-01
1.502000E+03,4.601845E-01
1.502500E+03,-4.136298E-02
1.503000E+03,-5.005221E-01
1.503500E+03,-9.001257E-01
1.504000E+03,-1.225503E+00
1.504500E+03,-1.465544E+00
1.505000E+03,-1.613665E+00
1.505500E+03,-1.668536E+00
1.506000E+03,-1.634456E+00
1.506500E+03,-1.521265E+00
1.507000E+03,-1.343764E+00
1.507500E+03,-1.120670E+00
1.508000E+03,-8.731883E-01
1.508500E+03,-6.233683E-01
1.509000E+03,-3.924196E-01
1.509500E+03,-1.991673E-01
1.510000E+03,-5.880411E-02
1.510500E+03,1.796618E-02
1.511000E+03,2.536131E-02
1.511500E+03,-3.743766E-02
1.512000E+03,-1.665583E-01
1.512500E+03,-3.539236E-01
1.513000E+03,-5.878634E-01
1.513500E+03,-8.537889E-01
1.514000E+03,-1.134911E+00
1.514500E+03,-1.413019E+00
1.515000E+03,-1.669367E+00
1.515500E+03,-1.885696E+00
1.516000E+03,-2.045409E+00
1.516500E+03,-2.134846E+00
1.517000E+03,-2.144568E+00
1.517500E+03,-2.070482E+00
1.518000E+03,-1.914631E+00
1.518500E+03,-1.685470E+00
1.519000E+03,-1.397497E+00
1.519500E+03,-1.070187E+00
1.520000E+03,-7.262814E-01
1.520500E+03,-3.895988E-01
1.521000E+03,-8.260780E-02
1.521500E+03,1.759272E-01
1.522000E+03,3.729170E-01
1.522500E+03,5.022641E-01
1.523000E+03,5.653409E-01
1.523500E+03,5.705623E-01
1.524000E+03,5.321136E-01
1.524500E+03,4.680139E-01
1.525000E+03,3.977836E-01
1.525500E+03,3.400369E-01
1.526000E+03,3.103149E-01
1.526500E+03,3.194360E-01
1.527000E+03,3.725507E-01
1.527500E+03,4.689849E-01
1.528000E+03,6.028402E-01
1.528500E+03,7.642137E-01
1.529000E+03,9.408204E-01
1.529500E+03,1.119755E+00
1.530000E+03,1.289120E+00
1.530500E+03,1.439293E+00
1.531000E+03,1.563653E+00
1.531500E+03,1.658706E+00
1.532000E+03,1.723632E+00
1.532500E+03,1.759392E+00
1.533000E+03,1.767589E+00
1.533500E+03,1.749352E+00
1.534000E+03,1.704484E+00
1.534500E+03,1.631075E+00
1.535000E+03,1.525712E+00
1.535500E+03,1.384272E+00
1.536000E+03,1.203196E+00
1.536500E+03,9.809934E-01
1.537000E+03,7.197038E-01
1.537500E+03,4.259639E-01
1.538000E+03,1.114208E-01
1.538500E+03,-2.077003E-01
1.539000E+03,-5.119103E-01
1.539500E+03,-7.805281E-01
1.540000E+03,-9.942359E-01
1.540500E+03,-1.137731E+00
1.541000E+03,-1.202039E+00
1.541500E+03,-1.186085E+00
1.542000E+03,-1.097223E+00
1.542500E+03,-9.505841E-01
1.543000E+03,-7.673042E-01
1.543500E+03,-5.718694E-01
1.544000E+03,-3.889831E-01
1.544500E+03,-2.404235E-01
1.545000E+03,-1.423713E-01
1.545500E+03,-1.035992E-01
1.546000E+03,-1.247682E-01
1.546500E+03,-1.988876E-01
1.547000E+03,-3.128096E-01
1.547500E+03,-4.494672E-01
1.548000E+03,-5.904694E-01
1.548500E+03,-7.186376E-01
1.549000E+03,-8.201138E-01
1.549500E+03,-8.857781E-01
1.550000E+03,-9.118486E-01
1.550500E+03,-8.996860E-01
1.551000E+03,-8.549477E-01
1.551500E+03,-7.863189E-01
1.552000E+03,-7.040788E-01
1.552500E+03,-6.187407E-01
1.553000E+03,-5.399438E-01
1.553500E+03,-4.756936E-01
1.554000E+03,-4.319629E-01
1.554500E+03,-4.125969E-01
1.555000E+03,-4.194211E-01
1.555500E+03,-4.524422E-01
1.556000E+03,-5.100437E-01
1.556500E+03,-5.891177E-01
1.557000E+03,-6.851164E-01
1.557500E+03,-7.920476E-01
1.558000E+03,-9.024701E-01
1.558500E+03,-1.007556E+00
1.559000E+03,-1.097287E+00
1.559500E+03,-1.160821E+00
1.560000E+03,-1.187064E+00
1.560500E+03,-1.165405E+00
1.561000E+03,-1.086589E+00
1.561500E+03,-9.436363E-01
1.562000E+03,-7.327206E-01
1.562500E+03,-4.538954E-01
1.563000E+03,-1.115735E-01
1.563500E+03,2.853281E-01
1.564000E+03,7.236338E-01
1.564500E+03,1.186560E+00
1.565000E+03,1.654740E+00
1.565500E+03,2.107540E+00
1.566000E+03,2.524544E+00
1.566500E+03,2.887047E+00
1.567000E+03,3.179397E+00
1.567500E+03,3.390031E+00
1.568000E+03,3.512098E+00
1.568500E+03,3.543606E+00
1.569000E+03,3.487128E+00
1.569500E+03,3.349124E+00
1.570000E+03,3.139023E+00
1.570500E+03,2.868196E+00
1.571000E+03,2.548976E+00
1.571500E+03,2.193812E+00
1.572000E+03,1.814615E+00
1.572500E+03,1.422289E+00
1.573000E+03,1.026394E+00
1.573500E+03,6.348872E-01
1.574000E+03,2.538639E-01
1.574500E+03,-1.126862E-01
1.575000E+03,-4.630917E-01
1.575500E+03,-7.980780E-01
1.576000E+03,-1.120599E+00
1.576500E+03,-1.435309E+00
1.577000E+03,-1.747627E+00
1.577500E+03,-2.062421E+00
1.578000E+03,-2.382464E+00
1.578500E+03,-2.706917E+00
1.579000E+03,-3.030147E+00
1.579500E+03,-3.341192E+00
1.580000E+03,-3.624148E+00
1.580500E+03,-3.859540E+00
1.581000E+03,-4.026633E+00
1.581500E+03,-4.106348E+00
1.582000E+03,-4.084359E+00
1.582500E+03,-3.953782E+00
1.583000E+03,-3.716920E+00
1.583500E+03,-3.385648E+00
1.584000E+03,-2.980226E+00
1.584500E+03,-2.526636E+00
1.585000E+03,-2.052840E+00
1.585500E+03,-1.584552E+00
1.586000E+03,-1.141312E+00
1.586500E+03,-7.335754E-01
1.587000E+03,-3.614175E-01
1.587500E+03,-1.515237E-02
1.588000E+03,3.221910E-01
1.588500E+03,6.709375E-01
1.589000E+03,1.050077E+00
1.589500E+03,1.472676E+00
1.590000E+03,1.942235E+00
1.590500E+03,2.450700E+00
1.591000E+03,2.978497E+00
1.591500E+03,3.496620E+00
1.592000E+03,3.970417E+00
1.592500E+03,4.364404E+00
1.593000E+03,4.647273E+00
1.593500E+03,4.796244E+00
1.594000E+03,4.800042E+00
1.594500E+03,4.660067E+00
1.595000E+03,4.389643E+00
1.595500E+03,4.011587E+00
1.596000E+03,3.554608E+00
1.596500E+03,3.049215E+00
1.597000E+03,2.523831E+00
1.597500E+03,2.001725E+00
1.598000E+03,1.499161E+00
1.598500E+03,1.024902E+00
1.599000E+03,5.809560E-01
1.599500E+03,1.642682E-01
1.600000E+03,-2.310997E-01
1.600500E+03,-6.117385E-01
1.601000E+03,-9.830066E-01
1.601500E+03,-1.347746E+00
1.602000E+03,-1.705700E+00
1.602500E+03,-2.053574E+00
1.603000E+03,-2.385598E+00
1.603500E+03,-2.694346E+00
1.604000E+03,-2.971632E+00
1.604500E+03,-3.209291E+00
1.605000E+03,-3.399772E+00
1.605500E+03,-3.536526E+00
1.606000E+03,-3.614228E+00
1.606500E+03,-3.628927E+00
1.607000E+03,-3.578186E+00
1.607500E+03,-3.461255E+00
1.608000E+03,-3.279302E+00
1.608500E+03,-3.035637E+00
1.609000E+03,-2.735896E+00
1.609500E+03,-2.388080E+00
1.610000E+03,-2.002416E+00
1.610500E+03,-1.590991E+00
1.611000E+03,-1.167177E+00
1.611500E+03,-7.448685E-01
1.612000E+03,-3.376283E-01
1.612500E+03,4.221186E-02
1.613000E+03,3.843902E-01
1.613500E+03,6.814310E-01
1.614000E+03,9.291723E-01
1.614500E+03,1.127054E+00
1.615000E+03,1.278126E+00
1.615500E+03,1.388747E+00
1.616000E+03,1.467965E+00
1.616500E+03,1.526576E+00
1.617000E+03,1.575932E+00
1.617500E+03,1.626554E+00
1.618000E+03,1.686726E+00
1.618500E+03,1.761208E+00
1.619000E+03,1.850293E+00
1.619500E+03,1.949383E+00
1.620000E+03,2.049220E+00
1.620500E+03,2.136843E+00
1.621000E+03,2.197204E+00
1.621500E+03,2.215284E+00
1.622000E+03,2.178431E+00
1.622500E+03,2.078567E+00
1.623000E+03,1.913914E+00
1.623500E+03,1.689913E+00
1.624000E+03,1.419128E+00
1.624500E+03,1.120077E+00
1.625000E+03,8.151074E-01
1.625500E+03,5.275951E-01
1.626000E+03,2.788625E-01
1.626500E+03,8.529232E-02
1.627000E+03,-4.392501E-02
1.627500E+03,-1.080490E-01
1.628000E+03,-1.148522E-01
1.628500E+03,-7.947392E-02
1.629000E+03,-2.224192E-02
1.629500E+03,3.419904E-02
1.630000E+03,6.801219E-02
1.630500E+03,6.107702E-02
1.631000E+03,1.260627E-03
1.631500E+03,-1.162527E-01
1.632000E+03,-2.887180E-01
1.632500E+03,-5.066391E-01
1.633000E+03,-7.554374E-01
1.633500E+03,-1.017662E+00
1.634000E+03,-1.275364E+00
1.634500E+03,-1.512266E+00
1.635000E+03,-1.715407E+00
1.635500E+03,-1.876084E+00
1.636000E+03,-1.990018E+00
1.636500E+03,-2.056836E+00
1.637000E+03,-2.079040E+00
1.637500E+03,-2.060743E+00
1.638000E+03,-2.006432E+00
1.638500E+03,-1.919998E+00
1.639000E+03,-1.804222E+00
1.639500E+03,-1.660737E+00
1.640000E+03,-1.490472E+00
1.640500E+03,-1.294388E+00
1.641000E+03,-1.074355E+00
1.641500E+03,-8.339140E-01
1.642000E+03,-5.787567E-01
1.642500E+03,-3.167808E-01
1.643000E+03,-5.768451E-02
1.643500E+03,1.878503E-01
1.644000E+03,4.092521E-01
1.644500E+03,5.972444E-01
1.645000E+03,7.449184E-01
1.645500E+03,8.485164E-01
1.646000E+03,9.078040E-01
1.646500E+03,9.259899E-01
1.647000E+03,9.092317E-01
1.647500E+03,8.658366E-01
1.648000E+03,8.053047E-01
1.648500E+03,7.373713E-01
1.649000E+03,6.711765E-01
1.649500E+03,6.146432E-01
1.650000E+03,5.740791E-01
1.650500E+03,5.539702E-01
1.651000E+03,5.568937E-01
1.651500E+03,5.834788E-01
1.652000E+03,6.323647E-01
1.652500E+03,7.001523E-01
1.653000E+03,7.813982E-01
1.653500E+03,8.687362E-01
1.654000E+03,9.532306E-01
1.654500E+03,1.025034E+00
1.655000E+03,1.074370E+00
1.655500E+03,1.092769E+00
1.656000E+03,1.074402E+00
1.656500E+03,1.017271E+00
1.657000E+03,9.240072E-01
1.657500E+03,8.020215E-01
1.658000E+03,6.628700E-01
1.658500E+03,5.208139E-01
1.659000E+03,3.907240E-01
1.659500E+03,2.856331E-01
1.660000E+03,2.143521E-01
1.660500E+03,1.796055E-01
1.661000E+03,1.770921E-01
1.661500E+03,1.957379E-01
1.662000E+03,2.192048E-01
1.662500E+03,2.284824E-01
1.663000E+03,2.051698E-01
1.663500E+03,1.348958E-01
1.664000E+03,1.026344E-02
1.664500E+03,-1.672414E-01
1.665000E+03,-3.867745E-01
1.665500E+03,-6.292435E-01
1.666000E+03,-8.698706E-01
1.666500E+03,-1.081811E+00
1.667000E+03,-1.240228E+00
1.667500E+03,-1.326143E+00
1.668000E+03,-1.329400E+00
1.668500E+03,-1.250265E+00
1.669000E+03,-1.099391E+00
1.669500E+03,-8.961964E-01
1.670000E+03,-6.659706E-01
1.670500E+03,-4.362067E-01
1.671000E+03,-2.328028E-01
1.671500E+03,-7.673311E-02
1.672000E+03,1.831817E-02
1.672500E+03,4.707635E-02
1.673000E+03,1.250135E-02
1.673500E+03,-7.550046E-02
1.674000E+03,-2.021270E-01
1.674500E+03,-3.500575E-01
1.675000E+03,-5.017299E-01
1.675500E+03,-6.411825E-01
1.676000E+03,-7.552755E-01
1.676500E+03,-8.342666E-01
1.677000E+03,-8.718610E-01
1.677500E+03,-8.649405E-01
1.678000E+03,-8.131993E-01
1.678500E+03,-7.188652E-01
1.679000E+03,-5.865892E-01
1.679500E+03,-4.234733E-01
1.680000E+03,-2.391047E-01
1.680500E+03,-4.540958E-02
1.681000E+03,1.438541E-01
1.681500E+03,3.140771E-01
1.682000E+03,4.512491E-01
1.682500E+03,5.437336E-01
1.683000E+03,5.841019E-01
1.683500E+03,5.706789E-01
1.684000E+03,5.084500E-01
1.684500E+03,4.090467E-01
1.685000E+03,2.896759E-01
1.685500E+03,1.710444E-01
1.686000E+03,7.452740E-02
1.686500E+03,1.900207E-02
1.687000E+03,1.785806E-02
1.687500E+03,7.671070E-02
1.688000E+03,1.922458E-01
1.688500E+03,3.524490E-01
1.689000E+03,5.382373E-01
1.689500E+03,7.262643E-01
1.690000E+03,8.924566E-01
1.690500E+03,1.015696E+00
1.691000E+03,1.081031E+00
1.691500E+03,1.081863E+00
1.692000E+03,1.020742E+00
1.692500E+03,9.086427E-01
1.693000E+03,7.628487E-01
1.693500E+03,6.038500E-01
1.694000E+03,4.518015E-01
1.694500E+03,3.231868E-01
1.695000E+03,2.282810E-01
1.695500E+03,1.698571E-01
1.696000E+03,1.433462E-01
1.696500E+03,1.383927E-01
1.697000E+03,1.414814E-01
1.697500E+03,1.391168E-01
1.698000E+03,1.209275E-01
1.698500E+03,8.208685E-02
1.699000E+03,2.456396E-02
1.699500E+03,-4.305514E-02
1.700000E+03,-1.071699E-01
1.700500E+03,-1.519106E-01
1.701000E+03,-1.625238E-01
1.701500E+03,-1.287637E-01
1.702000E+03,-4.763843E-02
1.702500E+03,7.503585E-02
1.703000E+03,2.246165E-01
1.703500E+03,3.792257E-01
1.704000E+03,5.127407E-01
1.704500E+03,5.987193E-01
1.705000E+03,6.146283E-01
1.705500E+03,5.456742E-01
1.706000E+03,3.875957E-01
1.706500E+03,1.479398E-01
1.707000E+03,-1.544154E-01
1.707500E+03,-4.914418E-01
1.708000E+03,-8.295361E-01
1.708500E+03,-1.133955E+00
1.709000E+03,-1.373462E+00
1.709500E+03,-1.524500E+00
1.710000E+03,-1.574315E+00
1.710500E+03,-1.522595E+00
1.711000E+03,-1.381446E+00
1.711500E+03,-1.173730E+00
1.712000E+03,-9.300699E-01
1.712500E+03,-6.849271E-01
1.713000E+03,-4.723124E-01
1.713500E+03,-3.216714E-01
1.714000E+03,-2.544427E-01
1.714500E+03,-2.816599E-01
1.715000E+03,-4.028214E-01
1.715500E+03,-6.060792E-01
1.716000E+03,-8.696480E-01
1.716500E+03,-1.164207E+00
1.717000E+03,-1.455983E+00
1.717500E+03,-1.710165E+00
1.718000E+03,-1.894286E+00
1.718500E+03,-1.981261E+00
1.719000E+03,-1.951815E+00
1.719500E+03,-1.796113E+00
1.720000E+03,-1.514488E+00
1.720500E+03,-1.117252E+00
1.721000E+03,-6.236440E-01
1.721500E+03,-6.005401E-02
1.722000E+03,5.422998E-01
1.722500E+03,1.150002E+00
1.723000E+03,1.730137E+00
1.723500E+03,2.252799E+00
1.724000E+03,2.693197E+00
1.724500E+03,3.033182E+00
1.725000E+03,3.262085E+00
1.725500E+03,3.376826E+00
1.726000E+03,3.381360E+00
1.726500E+03,3.285557E+00
1.727000E+03,3.103704E+00
1.727500E+03,2.852824E+00
1.728000E+03,2.551021E+00
1.728500E+03,2.216025E+00
1.729000E+03,1.864070E+00
1.729500E+03,1.509169E+00
1.730000E+03,1.162781E+00
1.730500E+03,8.338065E-01
1.731000E+03,5.288075E-01
1.731500E+03,2.523290E-01
1.732000E+03,7.204118E-03
1.732500E+03,-2.052361E-01
1.733000E+03,-3.850822E-01
1.733500E+03,-5.338759E-01
1.734000E+03,-6.546837E-01
1.734500E+03,-7.521182E-01
1.735000E+03,-8.322105E-01
1.735500E+03,-9.020571E-01
1.736000E+03,-9.692141E-01
1.736500E+03,-1.040870E+00
1.737000E+03,-1.122890E+00
1.737500E+03,-1.218878E+00
1.738000E+03,-1.329418E+00
1.738500E+03,-1.451652E+00
1.739000E+03,-1.579313E+00
1.739500E+03,-1.703248E+00
1.740000E+03,-1.812403E+00
1.740500E+03,-1.895120E+00
1.741000E+03,-1.940589E+00
1.741500E+03,-1.940205E+00
1.742000E+03,-1.888643E+00
1.742500E+03,-1.784472E+00
1.743000E+03,-1.630259E+00
1.743500E+03,-1.432159E+00
1.744000E+03,-1.199124E+00
1.744500E+03,-9.418925E-01
1.745000E+03,-6.719730E-01
1.745500E+03,-4.007932E-01
1.746000E+03,-1.391316E-01
1.746500E+03,1.031408E-01
1.747000E+03,3.170783E-01
1.747500E+03,4.945785E-01
1.748000E+03,6.283763E-01
1.748500E+03,7.122726E-01
1.749000E+03,7.416877E-01
1.749500E+03,7.145258E-01
1.750000E+03,6.322206E-01
1.750500E+03,5.007295E-01
1.751000E+03,3.311910E-01
1.751500E+03,1.399666E-01
1.752000E+03,-5.213172E-02
1.752500E+03,-2.214893E-01
1.753000E+03,-3.440983E-01
1.753500E+03,-3.984442E-01
1.754000E+03,-3.684482E-01
1.754500E+03,-2.459852E-01
1.755000E+03,-3.252309E-02
1.755500E+03,2.604494E-01
1.756000E+03,6.123472E-01
1.756500E+03,9.956753E-01
1.757000E+03,1.379167E+00
1.757500E+03,1.731389E+00
1.758000E+03,2.024258E+00
1.758500E+03,2.235913E+00
1.759000E+03,2.352554E+00
1.759500E+03,2.369002E+00
1.760000E+03,2.288042E+00
1.760500E+03,2.118762E+00
1.761000E+03,1.874335E+00
1.761500E+03,1.569710E+00
1.762000E+03,1.219685E+00
1.762500E+03,8.376940E-01
1.763000E+03,4.354544E-01
1.763500E+03,2.341356E-02
1.764000E+03,-3.882593E-01
1.764500E+03,-7.885078E-01
1.765000E+03,-1.164456E+00
1.765500E+03,-1.501057E+00
1.766000E+03,-1.781522E+00
1.766500E+03,-1.988567E+00
1.767000E+03,-2.106294E+00
1.767500E+03,-2.122399E+00
1.768000E+03,-2.030307E+00
1.768500E+03,-1.830816E+00
1.769000E+03,-1.532946E+00
1.769500E+03,-1.153791E+00
1.770000E+03,-7.173776E-01
1.770500E+03,-2.526699E-01
1.771000E+03,2.089919E-01
1.771500E+03,6.366741E-01
1.772000E+03,1.002500E+00
1.772500E+03,1.283866E+00
1.773000E+03,1.465022E+00
1.773500E+03,1.537914E+00
1.774000E+03,1.502308E+00
1.774500E+03,1.365266E+00
1.775000E+03,1.140128E+00
1.775500E+03,8.451236E-01
1.776000E+03,5.017743E-01
1.776500E+03,1.331918E-01
1.777000E+03,-2.376184E-01
1.777500E+03,-5.893574E-01
1.778000E+03,-9.038428E-01
1.778500E+03,-1.167132E+00
1.779000E+03,-1.370259E+00
1.779500E+03,-1.509508E+00
1.780000E+03,-1.586170E+00
1.780500E+03,-1.605797E+00
1.781000E+03,-1.577030E+00
1.781500E+03,-1.510152E+00
1.782000E+03,-1.415559E+00
1.782500E+03,-1.302375E+00
1.783000E+03,-1.177429E+00
1.783500E+03,-1.044724E+00
1.784000E+03,-9.054798E-01
1.784500E+03,-7.586963E-01
1.785000E+03,-6.021178E-01
1.785500E+03,-4.333817E-01
1.786000E+03,-2.511263E-01
1.786500E+03,-5.584218E-02
1.787000E+03,1.496868E-01
1.787500E+03,3.604182E-01
1.788000E+03,5.695279E-01
1.788500E+03,7.692132E-01
1.789000E+03,9.516474E-01
1.789500E+03,1.109899E+00
1.790000E+03,1.238651E+00
1.790500E+03,1.334611E+00
1.791000E+03,1.396584E+00
1.791500E+03,1.425241E+00
1.792000E+03,1.422683E+00
1.792500E+03,1.391918E+00
1.793000E+03,1.336377E+00
1.793500E+03,1.259555E+00
1.794000E+03,1.164834E+00
1.794500E+03,1.055462E+00
1.795000E+03,9.346770E-01
1.795500E+03,8.058766E-01
1.796000E+03,6.727835E-01
1.796500E+03,5.395344E-01
1.797000E+03,4.106585E-01
1.797500E+03,2.909341E-01
1.798000E+03,1.851314E-01
1.798500E+03,9.766547E-02
1.799000E+03,3.219255E-02
1.799500E+03,-8.820889E-03
1.800000E+03,-2.451936E-02
1.800500E+03,-1.603194E-02
1.801000E+03,1.324981E-02
1.801500E+03,5.754682E-02
1.802000E+03,1.087833E-01
1.802500E+03,1.569508E-01
1.803000E+03,1.907799E-01
1.803500E+03,1.987159E-01
1.804000E+03,1.701376E-01
1.804500E+03,9.669966E-02
1.805000E+03,-2.637002E-02
1.805500E+03,-1.992202E-01
1.806000E+03,-4.167652E-01
1.806500E+03,-6.686656E-01
1.807000E+03,-9.399696E-01
1.807500E+03,-1.212386E+00
1.808000E+03,-1.466054E+00
1.808500E+03,-1.681578E+00
1.809000E+03,-1.842056E+00
1.809500E+03,-1.934827E+00
1.810000E+03,-1.952692E+00
1.810500E+03,-1.894472E+00
1.811000E+03,-1.764881E+00
1.811500E+03,-1.573770E+00
1.812000E+03,-1.334928E+00
1.812500E+03,-1.064632E+00
1.813000E+03,-7.801696E-01
1.813500E+03,-4.984845E-01
1.814000E+03,-2.350487E-01
1.814500E+03,-2.983074E-03
1.815000E+03,1.876093E-01
1.815500E+03,3.301572E-01
1.816000E+03,4.220277E-01
1.816500E+03,4.648268E-01
1.817000E+03,4.645401E-01
1.817500E+03,4.314083E-01
1.818000E+03,3.794143E-01
1.818500E+03,3.252851E-01
1.819000E+03,2.869840E-01
1.819500E+03,2.817769E-01
1.820000E+03,3.240727E-01
1.820500E+03,4.233385E-01
1.821000E+03,5.824378E-01
1.821500E+03,7.967181E-01
1.822000E+03,1.054082E+00
1.822500E+03,1.336116E+00
1.823000E+03,1.620157E+00
1.823500E+03,1.882013E+00
1.824000E+03,2.098892E+00
1.824500E+03,2.252067E+00
1.825000E+03,2.328831E+00
1.825500E+03,2.323446E+00
1.826000E+03,2.236977E+00
1.826500E+03,2.076131E+00
1.827000E+03,1.851412E+00
1.827500E+03,1.575037E+00
1.828000E+03,1.259055E+00
1.828500E+03,9.140759E-01
1.829000E+03,5.487952E-01
1.829500E+03,1.703321E-01
1.830000E+03,-2.148375E-01
1.830500E+03,-5.997164E-01
1.831000E+03,-9.758158E-01
1.831500E+03,-1.332757E+00
1.832000E+03,-1.658669E+00
1.832500E+03,-1.941398E+00
1.833000E+03,-2.170300E+00
1.833500E+03,-2.338225E+00
1.834000E+03,-2.443169E+00
1.834500E+03,-2.489136E+00
1.835000E+03,-2.485854E+00
1.835500E+03,-2.447259E+00
1.836000E+03,-2.388926E+00
1.836500E+03,-2.324876E+00
1.837000E+03,-2.264405E+00
1.837500E+03,-2.209584E+00
1.838000E+03,-2.154037E+00
1.838500E+03,-2.083349E+00
1.839000E+03,-1.977171E+00
1.839500E+03,-1.812728E+00
1.840000E+03,-1.569158E+00
1.840500E+03,-1.231917E+00
1.841000E+03,-7.964257E-01
1.841500E+03,-2.702653E-01
1.842000E+03,3.265278E-01
1.842500E+03,9.631769E-01
1.843000E+03,1.601638E+00
1.843500E+03,2.201257E+00
1.844000E+03,2.723846E+00
1.844500E+03,3.138331E+00
1.845000E+03,3.424231E+00
1.845500E+03,3.573467E+00
1.846000E+03,3.590272E+00
1.846500E+03,3.489348E+00
1.847000E+03,3.292689E+00
1.847500E+03,3.025703E+00
1.848000E+03,2.713316E+00
1.848500E+03,2.376732E+00
1.849000E+03,2.031306E+00
1.849500E+03,1.685777E+00
1.850000E+03,1.342830E+00
1.850500E+03,1.000732E+00
1.851000E+03,6.556002E-01
1.851500E+03,3.038158E-01
1.852000E+03,-5.589305E-02
1.852500E+03,-4.210601E-01
1.853000E+03,-7.849754E-01
1.853500E+03,-1.137077E+00
1.854000E+03,-1.464096E+00
1.854500E+03,-1.751680E+00
1.855000E+03,-1.986200E+00
1.855500E+03,-2.156422E+00
1.856000E+03,-2.254814E+00
1.856500E+03,-2.278352E+00
1.857000E+03,-2.228788E+00
1.857500E+03,-2.112414E+00
1.858000E+03,-1.939449E+00
1.858500E+03,-1.723161E+00
1.859000E+03,-1.478842E+00
1.859500E+03,-1.222727E+00
1.860000E+03,-9.708996E-01
1.860500E+03,-7.382262E-01
1.861000E+03,-5.373225E-01
1.861500E+03,-3.776045E-01
1.862000E+03,-2.644816E-01
1.862500E+03,-1.987930E-01
1.863000E+03,-1.766053E-01
1.863500E+03,-1.894825E-01
1.864000E+03,-2.253004E-01
1.864500E+03,-2.696031E-01
1.865000E+03,-3.074041E-01
1.865500E+03,-3.252316E-01
1.866000E+03,-3.131366E-01
1.866500E+03,-2.663354E-01
1.867000E+03,-1.861743E-01
1.867500E+03,-8.017763E-02
1.868000E+03,3.892528E-02
1.868500E+03,1.551311E-01
1.869000E+03,2.518099E-01
1.869500E+03,3.146771E-01
1.870000E+03,3.346046E-01
1.870500E+03,3.097746E-01
1.871000E+03,2.467564E-01
1.871500E+03,1.602471E-01
1.872000E+03,7.143142E-02
1.872500E+03,5.154237E-03
1.873000E+03,-1.369157E-02
1.873500E+03,3.599337E-02
1.874000E+03,1.680535E-01
1.874500E+03,3.865593E-01
1.875000E+03,6.846444E-01
1.875500E+03,1.044896E+00
1.876000E+03,1.441237E+00
1.876500E+03,1.842009E+00
1.877000E+03,2.213766E+00
1.877500E+03,2.525203E+00
1.878000E+03,2.750643E+00
1.878500E+03,2.872605E+00
1.879000E+03,2.883152E+00
1.879500E+03,2.783934E+00
1.880000E+03,2.585034E+00
1.880500E+03,2.302927E+00
1.881000E+03,1.957922E+00
1.881500E+03,1.571534E+00
1.882000E+03,1.164126E+00
1.882500E+03,7.531125E-01
1.883000E+03,3.518514E-01
1.883500E+03,-3.076068E-02
1.884000E+03,-3.900861E-01
1.884500E+03,-7.250881E-01
1.885000E+03,-1.037390E+00
1.885500E+03,-1.330212E+00
1.886000E+03,-1.607299E+00
1.886500E+03,-1.871933E+00
1.887000E+03,-2.126068E+00
1.887500E+03,-2.369634E+00
1.888000E+03,-2.600063E+00
1.888500E+03,-2.812073E+00
1.889000E+03,-2.997786E+00
1.889500E+03,-3.147226E+00
1.890000E+03,-3.249197E+00
1.890500E+03,-3.292513E+00
1.891000E+03,-3.267440E+00
1.891500E+03,-3.167192E+00
1.892000E+03,-2.989219E+00
1.892500E+03,-2.736086E+00
1.893000E+03,-2.415729E+00
1.893500E+03,-2.041004E+00
1.894000E+03,-1.628526E+00
1.894500E+03,-1.196954E+00
1.895000E+03,-7.649684E-01
1.895500E+03,-3.492481E-01
1.896000E+03,3.722445E-02
1.896500E+03,3.862687E-01
1.897000E+03,6.948608E-01
1.897500E+03,9.647144E-01
1.898000E+03,1.201201E+00
1.898500E+03,1.411833E+00
1.899000E+03,1.604585E+00
1.899500E+03,1.786358E+00
1.900000E+03,1.961798E+00
1.900500E+03,2.132625E+00
1.901000E+03,2.297500E+00
1.901500E+03,2.452366E+00
1.902000E+03,2.591121E+00
1.902500E+03,2.706473E+00
1.903000E+03,2.790813E+00
1.903500E+03,2.837016E+00
1.904000E+03,2.839099E+00
1.904500E+03,2.792757E+00
1.905000E+03,2.695771E+00
1.905500E+03,2.548329E+00
1.906000E+03,2.353235E+00
1.906500E+03,2.115963E+00
1.907000E+03,1.844493E+00
1.907500E+03,1.548833E+00
1.908000E+03,1.240204E+00
1.908500E+03,9.299068E-01
1.909000E+03,6.279892E-01
1.909500E+03,3.419087E-01
1.910000E+03,7.546010E-02
1.910500E+03,-1.717781E-01
1.911000E+03,-4.042749E-01
1.911500E+03,-6.295771E-01
1.912000E+03,-8.566224E-01
1.912500E+03,-1.093588E+00
1.913000E+03,-1.345663E+00
1.913500E+03,-1.613194E+00
1.914000E+03,-1.890627E+00
1.914500E+03,-2.166546E+00
1.915000E+03,-2.424891E+00
1.915500E+03,-2.647211E+00
1.916000E+03,-2.815581E+00
1.916500E+03,-2.915630E+00
1.917000E+03,-2.939094E+00
1.917500E+03,-2.885360E+00
1.918000E+03,-2.761669E+00
1.918500E+03,-2.581886E+00
1.919000E+03,-2.364059E+00
1.919500E+03,-2.127234E+00
1.920000E+03,-1.888146E+00
1.920500E+03,-1.658459E+00
1.921000E+03,-1.443089E+00
1.921500E+03,-1.239948E+00
1.922000E+03,-1.041126E+00
1.922500E+03,-8.352387E-01
1.923000E+03,-6.104369E-01
1.923500E+03,-3.574143E-01
1.924000E+03,-7.180109E-02
1.924500E+03,2.445523E-01
1.925000E+03,5.836279E-01
1.925500E+03,9.325713E-01
1.926000E+03,1.275961E+00
1.926500E+03,1.598489E+00
1.927000E+03,1.887453E+00
1.927500E+03,2.134520E+00
1.928000E+03,2.336422E+00
1.928500E+03,2.494473E+00
1.929000E+03,2.613096E+00
1.929500E+03,2.697742E+00
1.930000E+03,2.752729E+00
1.930500E+03,2.779512E+00
1.931000E+03,2.775789E+00
1.931500E+03,2.735640E+00
1.932000E+03,2.650647E+00
1.932500E+03,2.511726E+00
1.933000E+03,2.311250E+00
1.933500E+03,2.044976E+00
1.934000E+03,1.713385E+00
1.934500E+03,1.322158E+00
1.935000E+03,8.817455E-01
1.935500E+03,4.061828E-01
1.936000E+03,-8.853177E-02
1.936500E+03,-5.861103E-01
1.937000E+03,-1.071330E+00
1.937500E+03,-1.530815E+00
1.938000E+03,-1.953170E+00
1.938500E+03,-2.328548E+00
1.939000E+03,-2.647928E+00
1.939500E+03,-2.902413E+00
1.940000E+03,-3.082883E+00
1.940500E+03,-3.180218E+00
1.941000E+03,-3.186161E+00
1.941500E+03,-3.094701E+00
1.942000E+03,-2.903689E+00
1.942500E+03,-2.616318E+00
1.943000E+03,-2.242071E+00
1.943500E+03,-1.796834E+00
1.944000E+03,-1.302029E+00
1.944500E+03,-7.828084E-01
1.945000E+03,-2.655729E-01
1.945500E+03,2.248008E-01
1.946000E+03,6.675462E-01
1.946500E+03,1.047965E+00
1.947000E+03,1.358428E+00
1.947500E+03,1.598266E+00
1.948000E+03,1.772615E+00
1.948500E+03,1.890458E+00
1.949000E+03,1.962269E+00
1.949500E+03,1.997689E+00
1.950000E+03,2.003675E+00
1.950500E+03,1.983420E+00
1.951000E+03,1.936197E+00
1.951500E+03,1.858086E+00
1.952000E+03,1.743399E+00
1.952500E+03,1.586461E+00
1.953000E+03,1.383402E+00
1.953500E+03,1.133602E+00
1.954000E+03,8.405485E-01
1.954500E+03,5.119588E-01
1.955000E+03,1.592006E-01
1.955500E+03,-2.038553E-01
1.956000E+03,-5.623110E-01
1.956500E+03,-9.017700E-01
1.957000E+03,-1.209655E+00
1.957500E+03,-1.476107E+00
1.958000E+03,-1.694366E+00
1.958500E+03,-1.860599E+00
1.959000E+03,-1.973304E+00
1.959500E+03,-2.032410E+00
1.960000E+03,-2.038327E+00
1.960500E+03,-1.991121E+00
1.961000E+03,-1.890014E+00
1.961500E+03,-1.733332E+00
1.962000E+03,-1.518939E+00
1.962500E+03,-1.245117E+00
1.963000E+03,-9.117741E-01
1.963500E+03,-5.217913E-01
1.964000E+03,-8.228981E-02
1.964500E+03,3.944299E-01
1.965000E+03,8.904840E-01
1.965500E+03,1.382701E+00
1.966000E+03,1.843697E+00
1.966500E+03,2.243708E+00
1.967000E+03,2.553045E+00
1.967500E+03,2.744940E+00
1.968000E+03,2.798468E+00
1.968500E+03,2.701177E+00
1.969000E+03,2.451075E+00
1.969500E+03,2.057662E+00
1.970000E+03,1.541812E+00
1.970500E+03,9.344377E-01
1.971000E+03,2.740280E-01
1.971500E+03,-3.966747E-01
1.972000E+03,-1.034496E+00
1.972500E+03,-1.599691E+00
1.973000E+03,-2.059375E+00
1.973500E+03,-2.390133E+00
1.974000E+03,-2.579495E+00
1.974500E+03,-2.626169E+00
1.975000E+03,-2.539075E+00
1.975500E+03,-2.335389E+00
1.976000E+03,-2.037960E+00
1.976500E+03,-1.672490E+00
1.977000E+03,-1.264900E+00
1.977500E+03,-8.392022E-01
1.978000E+03,-4.160968E-01
1.978500E+03,-1.235215E-02
1.979000E+03,3.591308E-01
1.979500E+03,6.887725E-01
1.980000E+03,9.695641E-01
1.980500E+03,1.196389E+00
1.981000E+03,1.365633E+00
1.981500E+03,1.475194E+00
1.982000E+03,1.524868E+00
1.982500E+03,1.516974E+00
1.983000E+03,1.456993E+00
1.983500E+03,1.353948E+00
1.984000E+03,1.220305E+00
1.984500E+03,1.071247E+00
1.985000E+03,9.233144E-01
1.985500E+03,7.925361E-01
1.986000E+03,6.923123E-01
1.986500E+03,6.313956E-01
1.987000E+03,6.123263E-01
1.987500E+03,6.306373E-01
1.988000E+03,6.750259E-01
1.988500E+03,7.285357E-01
1.989000E+03,7.706231E-01
1.989500E+03,7.798294E-01
1.990000E+03,7.366763E-01
1.990500E+03,6.263631E-01
1.991000E+03,4.408753E-01
1.991500E+03,1.802166E-01
1.992000E+03,-1.473859E-01
1.992500E+03,-5.262851E-01
1.993000E+03,-9.350632E-01
1.993500E+03,-1.348747E+00
1.994000E+03,-1.741258E+00
1.994500E+03,-2.087763E+00
1.995000E+03,-2.366650E+00
1.995500E+03,-2.560969E+00
1.996000E+03,-2.659248E+00
1.996500E+03,-2.655749E+00
1.997000E+03,-2.550265E+00
1.997500E+03,-2.347620E+00
1.998000E+03,-2.057022E+00
1.998500E+03,-1.691376E+00
1.999000E+03,-1.266636E+00
1.999500E+03,-8.011642E-01
2.000000E+03,-3.150838E-01
2.000500E+03,1.704568E-01
2.001000E+03,6.341573E-01
2.001500E+03,1.055594E+00
2.002000E+03,1.416369E+00
2.002500E+03,1.701301E+00
2.003000E+03,1.899519E+00
2.003500E+03,2.005322E+00
2.004000E+03,2.018664E+00
2.004500E+03,1.945173E+00
2.005000E+03,1.795656E+00
2.005500E+03,1.585127E+00
2.006000E+03,1.331459E+00
2.006500E+03,1.053798E+00
2.007000E+03,7.709264E-01
2.007500E+03,4.997545E-01
2.008000E+03,2.540991E-01
2.008500E+03,4.386201E-02
2.009000E+03,-1.253278E-01
2.009500E+03,-2.520080E-01
2.010000E+03,-3.383643E-01
2.010500E+03,-3.893928E-01
2.011000E+03,-4.118659E-01
2.011500E+03,-4.132358E-01
2.012000E+03,-4.006049E-01
2.012500E+03,-3.798758E-01
2.013000E+03,-3.551655E-01
2.013500E+03,-3.285303E-01
2.014000E+03,-3.000122E-01
2.014500E+03,-2.679731E-01
2.015000E+03,-2.296516E-01
2.015500E+03,-1.818491E-01
2.016000E+03,-1.216376E-01
2.016500E+03,-4.698586E-02
2.017000E+03,4.278489E-02
2.017500E+03,1.467708E-01
2.018000E+03,2.624969E-01
2.018500E+03,3.861433E-01
2.019000E+03,5.129217E-01
2.019500E+03,6.375170E-01
2.020000E+03,7.545004E-01
2.020500E+03,8.586377E-01
2.021000E+03,9.450485E-01
2.021500E+03,1.009211E+00
2.022000E+03,1.046854E+00
2.022500E+03,1.053810E+00
2.023000E+03,1.025920E+00
2.023500E+03,9.590717E-01
2.024000E+03,8.494315E-01
2.024500E+03,6.938856E-01
2.025000E+03,4.906473E-01
2.025500E+03,2.399509E-01
2.026000E+03,-5.528681E-02
2.026500E+03,-3.889640E-01
2.027000E+03,-7.515645E-01
2.027500E+03,-1.130278E+00
2.028000E+03,-1.509500E+00
2.028500E+03,-1.871675E+00
2.029000E+03,-2.198422E+00
2.029500E+03,-2.471812E+00
2.030000E+03,-2.675687E+00
2.030500E+03,-2.796882E+00
2.031000E+03,-2.826252E+00
2.031500E+03,-2.759429E+00
2.032000E+03,-2.597238E+00
2.032500E+03,-2.345775E+00
2.033000E+03,-2.016105E+00
2.033500E+03,-1.623626E+00
2.034000E+03,-1.187090E+00
2.034500E+03,-7.273446E-01
2.035000E+03,-2.658564E-01
2.035500E+03,1.768805E-01
2.036000E+03,5.829217E-01
2.036500E+03,9.382705E-01
2.037000E+03,1.233930E+00
2.037500E+03,1.466454E+00
2.038000E+03,1.637896E+00
2.038500E+03,1.755115E+00
2.039000E+03,1.828510E+00
2.039500E+03,1.870335E+00
2.040000E+03,1.892835E+00
2.040500E+03,1.906492E+00
2.041000E+03,1.918642E+00
2.041500E+03,1.932715E+00
2.042000E+03,1.948181E+00
2.042500E+03,1.961216E+00
2.043000E+03,1.965927E+00
2.043500E+03,1.955866E+00
2.044000E+03,1.925533E+00
2.044500E+03,1.871532E+00
2.045000E+03,1.793132E+00
2.045500E+03,1.692129E+00
2.046000E+03,1.572021E+00
2.046500E+03,1.436688E+00
2.047000E+03,1.288892E+00
2.047500E+03,1.128945E+00
2.048000E+03,9.538886E-01
2.048500E+03,7.574455E-01
2.049000E+03,5.308262E-01
2.049500E+03,2.643283E-01
2.050000E+03,-5.052194E-02
2.050500E+03,-4.186497E-01
2.051000E+03,-8.393577E-01
2.051500E+03,-1.304894E+00
2.052000E+03,-1.799963E+00
2.052500E+03,-2.302312E+00
2.053000E+03,-2.784378E+00
2.053500E+03,-3.215757E+00
2.054000E+03,-3.566194E+00
2.054500E+03,-3.808649E+00
2.055000E+03,-3.922074E+00
2.055500E+03,-3.893537E+00
2.056000E+03,-3.719472E+00
2.056500E+03,-3.405983E+00
2.057000E+03,-2.968223E+00
2.057500E+03,-2.429012E+00
2.058000E+03,-1.816894E+00
2.058500E+03,-1.163890E+00
2.059000E+03,-5.031443E-01
2.059500E+03,1.333200E-01
2.060000E+03,7.166232E-01
2.060500E+03,1.222717E+00
2.061000E+03,1.633680E+00
2.061500E+03,1.938579E+00
2.062000E+03,2.133853E+00
2.062500E+03,2.223190E+00
2.063000E+03,2.216889E+00
2.063500E+03,2.130716E+00
2.064000E+03,1.984305E+00
2.064500E+03,1.799231E+00
2.065000E+03,1.596903E+00
2.065500E+03,1.396498E+00
2.066000E+03,1.213160E+00
2.066500E+03,1.056680E+00
2.067000E+03,9.308241E-01
2.067500E+03,8.334104E-01
2.068000E+03,7.571173E-01
2.068500E+03,6.909309E-01
2.069000E+03,6.220349E-01
2.069500E+03,5.378927E-01
2.070000E+03,4.282464E-01
2.070500E+03,2.867751E-01
2.071000E+03,1.122065E-01
2.071500E+03,-9.124562E-02
2.072000E+03,-3.141498E-01
2.072500E+03,-5.427732E-01
2.073000E+03,-7.605093E-01
2.073500E+03,-9.496253E-01
2.074000E+03,-1.093113E+00
2.074500E+03,-1.176429E+00
2.075000E+03,-1.188945E+00
2.075500E+03,-1.124972E+00
2.076000E+03,-9.842746E-01
2.076500E+03,-7.720850E-01
2.077000E+03,-4.986342E-01
2.077500E+03,-1.783044E-01
2.078000E+03,1.714885E-01
2.078500E+03,5.315533E-01
2.079000E+03,8.822037E-01
2.079500E+03,1.204458E+00
2.080000E+03,1.481083E+00
2.080500E+03,1.697451E+00
2.081000E+03,1.842173E+00
2.081500E+03,1.907549E+00
2.082000E+03,1.889820E+00
2.082500E+03,1.789257E+00
2.083000E+03,1.610084E+00
2.083500E+03,1.360231E+00
2.084000E+03,1.050897E+00
2.084500E+03,6.959142E-01
2.085000E+03,3.109100E-01
2.085500E+03,-8.770597E-02
2.086000E+03,-4.838552E-01
2.086500E+03,-8.629024E-01
2.087000E+03,-1.212630E+00
2.087500E+03,-1.523933E+00
2.088000E+03,-1.791117E+00
2.088500E+03,-2.011729E+00
2.089000E+03,-2.185939E+00
2.089500E+03,-2.315567E+00
2.090000E+03,-2.402936E+00
2.090500E+03,-2.449786E+00
2.091000E+03,-2.456496E+00
2.091500E+03,-2.421796E+00
2.092000E+03,-2.343105E+00
2.092500E+03,-2.217443E+00
2.093000E+03,-2.042782E+00
2.093500E+03,-1.819551E+00
2.094000E+03,-1.551944E+00
2.094500E+03,-1.248700E+00
2.095000E+03,-9.230657E-01
2.095500E+03,-5.918335E-01
2.096000E+03,-2.734946E-01
2.096500E+03,1.423297E-02
2.097000E+03,2.571027E-01
2.097500E+03,4.467731E-01
2.098000E+03,5.824974E-01
2.098500E+03,6.716936E-01
2.099000E+03,7.292083E-01
2.099500E+03,7.753208E-01
2.100000E+03,8.327692E-01
2.100500E+03,9.232674E-01
2.101000E+03,1.064084E+00
2.101500E+03,1.265251E+00
2.102000E+03,1.527854E+00
2.102500E+03,1.843655E+00
2.103000E+03,2.196075E+00
2.103500E+03,2.562291E+00
2.104000E+03,2.916057E+00
2.104500E+03,3.230735E+00
2.105000E+03,3.482044E+00
2.105500E+03,3.650127E+00
2.106000E+03,3.720729E+00
2.106500E+03,3.685474E+00
2.107000E+03,3.541409E+00
2.107500E+03,3.290116E+00
2.108000E+03,2.936742E+00
2.108500E+03,2.489241E+00
2.109000E+03,1.958005E+00
2.109500E+03,1.355917E+00
2.110000E+03,6.986837E-01
2.110500E+03,5.197915E-03
2.111000E+03,-7.023522E-01
2.111500E+03,-1.398899E+00
2.112000E+03,-2.057573E+00
2.112500E+03,-2.651445E+00
2.113000E+03,-3.155743E+00
2.113500E+03,-3.550238E+00
2.114000E+03,-3.821404E+00
2.114500E+03,-3.963960E+00
2.115000E+03,-3.981500E+00
2.115500E+03,-3.886046E+00
2.116000E+03,-3.696569E+00
2.116500E+03,-3.436671E+00
2.117000E+03,-3.131783E+00
2.117500E+03,-2.806305E+00
2.118000E+03,-2.481086E+00
2.118500E+03,-2.171597E+00
2.119000E+03,-1.886994E+00
2.119500E+03,-1.630119E+00
2.120000E+03,-1.398343E+00
2.120500E+03,-1.185017E+00
2.121000E+03,-9.812568E-01
2.121500E+03,-7.777506E-01
2.122000E+03,-5.663372E-01
2.122500E+03,-3.411738E-01
2.123000E+03,-9.940411E-02
2.123500E+03,1.586680E-01
2.124000E+03,4.298269E-01
2.124500E+03,7.084977E-01
2.125000E+03,9.874725E-01
2.125500E+03,1.258690E+00
2.126000E+03,1.513976E+00
2.126500E+03,1.745681E+00
2.127000E+03,1.947184E+00
2.127500E+03,2.113260E+00
2.128000E+03,2.240293E+00
2.128500E+03,2.326381E+00
2.129000E+03,2.371304E+00
2.129500E+03,2.376400E+00
2.130000E+03,2.344349E+00
2.130500E+03,2.278886E+00
2.131000E+03,2.184456E+00
2.131500E+03,2.065857E+00
2.132000E+03,1.927864E+00
2.132500E+03,1.774880E+00
2.133000E+03,1.610621E+00
2.133500E+03,1.437854E+00
2.134000E+03,1.258198E+00
2.134500E+03,1.072019E+00
2.135000E+03,8.784363E-01
2.135500E+03,6.754737E-01
2.136000E+03,4.603756E-01
2.136500E+03,2.301169E-01
2.137000E+03,-1.791141E-02
2.137500E+03,-2.850790E-01
2.138000E+03,-5.706397E-01
2.138500E+03,-8.709250E-01
2.139000E+03,-1.178755E+00
2.139500E+03,-1.483221E+00
2.140000E+03,-1.769956E+00
2.140500E+03,-2.021976E+00
2.141000E+03,-2.221063E+00
2.141500E+03,-2.349580E+00
2.142000E+03,-2.392541E+00
2.142500E+03,-2.339635E+00
2.143000E+03,-2.186942E+00
2.143500E+03,-1.938040E+00
2.144000E+03,-1.604310E+00
2.144500E+03,-1.204331E+00
2.145000E+03,-7.623910E-01
2.145500E+03,-3.062773E-01
2.146000E+03,1.353818E-01
2.146500E+03,5.358928E-01
2.147000E+03,8.730257E-01
2.147500E+03,1.130980E+00
2.148000E+03,1.301549E+00
2.148500E+03,1.384366E+00
2.149000E+03,1.386235E+00
2.149500E+03,1.319685E+00
2.150000E+03,1.200969E+00
2.150500E+03,1.047797E+00
2.151000E+03,8.771083E-01
2.151500E+03,7.031528E-01
2.152000E+03,5.361214E-01
2.152500E+03,3.814468E-01
2.153000E+03,2.398321E-01
2.153500E+03,1.079553E-01
2.154000E+03,-2.027992E-02
2.154500E+03,-1.521467E-01
2.155000E+03,-2.943866E-01
2.155500E+03,-4.516426E-01
2.156000E+03,-6.252619E-01
2.156500E+03,-8.126482E-01
2.157000E+03,-1.007263E+00
2.157500E+03,-1.199279E+00
2.158000E+03,-1.376788E+00
2.158500E+03,-1.527362E+00
2.159000E+03,-1.639712E+00
2.159500E+03,-1.705155E+00
2.160000E+03,-1.718618E+00
2.160500E+03,-1.679002E+00
2.161000E+03,-1.588818E+00
2.161500E+03,-1.453192E+00
2.162000E+03,-1.278422E+00
2.162500E+03,-1.070408E+00
2.163000E+03,-8.333310E-01
2.163500E+03,-5.688898E-01
2.164000E+03,-2.763499E-01
2.164500E+03,4.653577E-02
2.165000E+03,4.018484E-01
2.165500E+03,7.893741E-01
2.166000E+03,1.204462E+00
2.166500E+03,1.636365E+00
2.167000E+03,2.067512E+00
2.167500E+03,2.474010E+00
2.168000E+03,2.827472E+00
2.168500E+03,3.097991E+00
2.169000E+03,3.257860E+00
2.169500E+03,3.285450E+00
2.170000E+03,3.168603E+00
2.170500E+03,2.906925E+00
2.171000E+03,2.512571E+00
2.171500E+03,2.009315E+00
2.172000E+03,1.430052E+00
2.172500E+03,8.130971E-01
2.173000E+03,1.978936E-01
2.173500E+03,-3.791993E-01
2.174000E+03,-8.883910E-01
2.174500E+03,-1.308729E+00
2.175000E+03,-1.628909E+00
2.175500E+03,-1.846665E+00
2.176000E+03,-1.967014E+00
2.176500E+03,-1.999843E+00
2.177000E+03,-1.957379E+00
2.177500E+03,-1.852047E+00
2.178000E+03,-1.695097E+00
2.178500E+03,-1.496143E+00
2.179000E+03,-1.263554E+00
2.179500E+03,-1.005427E+00
2.180000E+03,-7.307424E-01
2.180500E+03,-4.503008E-01
2.181000E+03,-1.770656E-01
2.181500E+03,7.426589E-02
2.182000E+03,2.884801E-01
2.182500E+03,4.516600E-01
2.183000E+03,5.532534E-01
2.183500E+03,5.879794E-01
2.184000E+03,5.571641E-01
2.184500E+03,4.691965E-01
2.185000E+03,3.389515E-01
2.185500E+03,1.862177E-01
2.186000E+03,3.334579E-02
2.186500E+03,-9.752746E-02
2.187000E+03,-1.872581E-01
2.187500E+03,-2.220611E-01
2.188000E+03,-1.951282E-01
2.188500E+03,-1.072953E-01
2.189000E+03,3.328406E-02
2.189500E+03,2.123503E-01
2.190000E+03,4.113972E-01
2.190500E+03,6.098711E-01
2.191000E+03,7.873819E-01
2.191500E+03,9.256344E-01
2.192000E+03,1.009872E+00
2.192500E+03,1.029722E+00
2.193000E+03,9.794524E-01
2.193500E+03,8.577300E-01
2.194000E+03,6.670423E-01
2.194500E+03,4.129762E-01
2.195000E+03,1.035241E-01
2.195500E+03,-2.514474E-01
2.196000E+03,-6.405052E-01
2.196500E+03,-1.050747E+00
2.197000E+03,-1.467767E+00
2.197500E+03,-1.875635E+00
2.198000E+03,-2.257021E+00
2.198500E+03,-2.593626E+00
2.199000E+03,-2.866973E+00
2.199500E+03,-3.059595E+00
2.200000E+03,-3.156501E+00
2.200500E+03,-3.146769E+00
2.201000E+03,-3.025017E+00
2.201500E+03,-2.792481E+00
2.202000E+03,-2.457464E+00
2.202500E+03,-2.034976E+00
2.203000E+03,-1.545525E+00
2.203500E+03,-1.013124E+00
2.204000E+03,-4.627709E-01
2.204500E+03,8.227705E-02
2.205000E+03,6.030097E-01
2.205500E+03,1.086546E+00
2.206000E+03,1.527064E+00
2.206500E+03,1.925590E+00
2.207000E+03,2.288645E+00
2.207500E+03,2.625950E+00
2.208000E+03,2.947548E+00
2.208500E+03,3.260842E+00
2.209000E+03,3.568064E+00
2.209500E+03,3.864625E+00
2.210000E+03,4.138678E+00
2.210500E+03,4.372014E+00
2.211000E+03,4.542170E+00
2.211500E+03,4.625448E+00
2.212000E+03,4.600358E+00
2.212500E+03,4.450947E+00
2.213000E+03,4.169482E+00
2.213500E+03,3.758072E+00
2.214000E+03,3.228977E+00
2.214500E+03,2.603590E+00
2.215000E+03,1.910257E+00
2.215500E+03,1.181289E+00
2.216000E+03,4.496223E-01
2.216500E+03,-2.544095E-01
2.217000E+03,-9.057523E-01
2.217500E+03,-1.486463E+00
2.218000E+03,-1.986530E+00
2.218500E+03,-2.403688E+00
2.219000E+03,-2.742374E+00
2.219500E+03,-3.012045E+00
2.220000E+03,-3.225176E+00
2.220500E+03,-3.395194E+00
2.221000E+03,-3.534617E+00
2.221500E+03,-3.653558E+00
2.222000E+03,-3.758701E+00
2.222500E+03,-3.852780E+00
2.223000E+03,-3.934518E+00
2.223500E+03,-3.998990E+00
2.224000E+03,-4.038304E+00
2.224500E+03,-4.042528E+00
2.225000E+03,-4.000789E+00
2.225500E+03,-3.902445E+00
2.226000E+03,-3.738267E+00
2.226500E+03,-3.501533E+00
2.227000E+03,-3.188955E+00
2.227500E+03,-2.801349E+00
2.228000E+03,-2.343958E+00
2.228500E+03,-1.826397E+00
2.229000E+03,-1.262175E+00
2.229500E+03,-6.678442E-01
2.230000E+03,-6.182928E-02
2.230500E+03,5.369252E-01
2.231000E+03,1.110352E+00
2.231500E+03,1.642531E+00
2.232000E+03,2.120693E+00
2.232500E+03,2.535820E+00
2.233000E+03,2.882799E+00
2.233500E+03,3.160109E+00
2.234000E+03,3.369129E+00
2.234500E+03,3.513175E+00
2.235000E+03,3.596439E+00
2.235500E+03,3.623022E+00
2.236000E+03,3.596219E+00
2.236500E+03,3.518184E+00
2.237000E+03,3.390044E+00
2.237500E+03,3.212432E+00
2.238000E+03,2.986344E+00
2.238500E+03,2.714149E+00
2.239000E+03,2.400523E+00
2.239500E+03,2.053115E+00
2.240000E+03,1.682720E+00
2.240500E+03,1.302884E+00
2.241000E+03,9.289048E-01
2.241500E+03,5.763369E-01
2.242000E+03,2.592268E-01
2.242500E+03,-1.165201E-02
2.243000E+03,-2.302360E-01
2.243500E+03,-3.959983E-01
2.244000E+03,-5.139633E-01
2.244500E+03,-5.938463E-01
2.245000E+03,-6.484069E-01
2.245500E+03,-6.912656E-01
2.246000E+03,-7.345404E-01
2.246500E+03,-7.867235E-01
2.247000E+03,-8.511912E-01
2.247500E+03,-9.256434E-01
2.248000E+03,-1.002606E+00
2.248500E+03,-1.070937E+00
2.249000E+03,-1.118080E+00
2.249500E+03,-1.132662E+00
2.250000E+03,-1.106957E+00
2.250500E+03,-1.038747E+00
2.251000E+03,-9.322072E-01
2.251500E+03,-7.976522E-01
2.252000E+03,-6.501464E-01
2.252500E+03,-5.072405E-01
2.253000E+03,-3.862323E-01
2.253500E+03,-3.014489E-01
2.254000E+03,-2.620357E-01
2.254500E+03,-2.706355E-01
2.255000E+03,-3.231648E-01
2.255500E+03,-4.096875E-01
2.256000E+03,-5.161815E-01
2.256500E+03,-6.268423E-01
2.257000E+03,-7.264909E-01
2.257500E+03,-8.026647E-01
2.258000E+03,-8.470689E-01
2.258500E+03,-8.562110E-01
2.259000E+03,-8.312207E-01
2.259500E+03,-7.770064E-01
2.260000E+03,-7.010093E-01
2.260500E+03,-6.118509E-01
2.261000E+03,-5.181360E-01
2.261500E+03,-4.275837E-01
2.262000E+03,-3.465427E-01
2.262500E+03,-2.798317E-01
2.263000E+03,-2.307695E-01
2.263500E+03,-2.012315E-01
2.264000E+03,-1.916049E-01
2.264500E+03,-2.005883E-01
2.265000E+03,-2.248875E-01
2.265500E+03,-2.589415E-01
2.266000E+03,-2.948710E-01
2.266500E+03,-3.228304E-01
2.267000E+03,-3.318785E-01
2.267500E+03,-3.113625E-01
2.268000E+03,-2.526699E-01
2.268500E+03,-1.510715E-01
2.269000E+03,-7.296562E-03
2.269500E+03,1.715316E-01
2.270000E+03,3.718955E-01
2.270500E+03,5.749699E-01
2.271000E+03,7.587468E-01
2.271500E+03,9.009468E-01
2.272000E+03,9.822878E-01
2.272500E+03,9.895841E-01
2.273000E+03,9.181418E-01
2.273500E+03,7.730137E-01
2.274000E+03,5.688586E-01
2.274500E+03,3.283874E-01
2.275000E+03,7.961583E-02
2.275500E+03,-1.476482E-01
2.276000E+03,-3.255346E-01
2.276500E+03,-4.314842E-01
2.277000E+03,-4.507701E-01
2.277500E+03,-3.778400E-01
2.278000E+03,-2.163626E-01
2.278500E+03,2.190896E-02
2.279000E+03,3.191630E-01
2.279500E+03,6.540279E-01
2.280000E+03,1.004097E+00
2.280500E+03,1.348092E+00
2.281000E+03,1.667393E+00
2.281500E+03,1.946842E+00
2.282000E+03,2.174862E+00
2.282500E+03,2.343100E+00
2.283000E+03,2.445822E+00
2.283500E+03,2.479358E+00
2.284000E+03,2.441759E+00
2.284500E+03,2.332790E+00
2.285000E+03,2.154229E+00
2.285500E+03,1.910331E+00
2.286000E+03,1.608278E+00
2.286500E+03,1.258398E+00
2.287000E+03,8.739750E-01
2.287500E+03,4.705792E-01
2.288000E+03,6.493042E-02
2.288500E+03,-3.265671E-01
2.289000E+03,-6.894069E-01
2.289500E+03,-1.012425E+00
2.290000E+03,-1.288870E+00
2.290500E+03,-1.516903E+00
2.291000E+03,-1.699465E+00
2.291500E+03,-1.843503E+00
2.292000E+03,-1.958702E+00
2.292500E+03,-2.055910E+00
2.293000E+03,-2.145487E+00
2.293500E+03,-2.235826E+00
2.294000E+03,-2.332219E+00
2.294500E+03,-2.436187E+00
2.295000E+03,-2.545329E+00
2.295500E+03,-2.653644E+00
2.296000E+03,-2.752254E+00
2.296500E+03,-2.830388E+00
2.297000E+03,-2.876525E+00
2.297500E+03,-2.879555E+00
2.298000E+03,-2.829881E+00
2.298500E+03,-2.720371E+00
2.299000E+03,-2.547112E+00
2.299500E+03,-2.309922E+00
2.300000E+03,-2.012566E+00
2.300500E+03,-1.662659E+00
2.301000E+03,-1.271222E+00
2.301500E+03,-8.519021E-01
2.302000E+03,-4.198876E-01
2.302500E+03,9.385950E-03
2.303000E+03,4.216132E-01
2.303500E+03,8.049074E-01
2.304000E+03,1.150819E+00
2.304500E+03,1.454920E+00
2.305000E+03,1.716835E+00
2.305500E+03,1.939700E+00
2.306000E+03,2.129093E+00
2.306500E+03,2.291623E+00
2.307000E+03,2.433388E+00
2.307500E+03,2.558602E+00
2.308000E+03,2.668623E+00
2.308500E+03,2.761595E+00
2.309000E+03,2.832785E+00
2.309500E+03,2.875564E+00
2.310000E+03,2.882861E+00
2.310500E+03,2.848819E+00
2.311000E+03,2.770325E+00
2.311500E+03,2.648108E+00
2.312000E+03,2.487158E+00
2.312500E+03,2.296369E+00
2.313000E+03,2.087436E+00
2.313500E+03,1.873180E+00
2.314000E+03,1.665611E+00
2.314500E+03,1.474072E+00
2.315000E+03,1.303794E+00
2.315500E+03,1.155133E+00
2.316000E+03,1.023614E+00
2.316500E+03,9.007618E-01
2.317000E+03,7.755705E-01
2.317500E+03,6.363250E-01
2.318000E+03,4.724621E-01
2.318500E+03,2.761564E-01
2.319000E+03,4.338720E-02
2.319500E+03,-2.256431E-01
2.320000E+03,-5.267435E-01
2.320500E+03,-8.525071E-01
2.321000E+03,-1.193422E+00
2.321500E+03,-1.539084E+00
2.322000E+03,-1.879289E+00
2.322500E+03,-2.204844E+00
2.323000E+03,-2.508000E+00
2.323500E+03,-2.782532E+00
2.324000E+03,-3.023539E+00
2.324500E+03,-3.227077E+00
2.325000E+03,-3.389775E+00
2.325500E+03,-3.508537E+00
2.326000E+03,-3.580394E+00
2.326500E+03,-3.602512E+00
2.327000E+03,-3.572337E+00
2.327500E+03,-3.487804E+00
2.328000E+03,-3.347559E+00
2.328500E+03,-3.151142E+00
2.329000E+03,-2.899125E+00
2.329500E+03,-2.593213E+00
2.330000E+03,-2.236355E+00
2.330500E+03,-1.832876E+00
2.331000E+03,-1.388666E+00
2.331500E+03,-9.113872E-01
2.332000E+03,-4.106491E-01
2.332500E+03,1.019395E-01
2.333000E+03,6.129388E-01
2.333500E+03,1.107538E+00
2.334000E+03,1.570342E+00
2.334500E+03,1.986435E+00
2.335000E+03,2.342641E+00
2.335500E+03,2.628784E+00
2.336000E+03,2.838776E+00
2.336500E+03,2.971343E+00
2.337000E+03,3.030215E+00
2.337500E+03,3.023742E+00
2.338000E+03,2.963931E+00
2.338500E+03,2.865028E+00
2.339000E+03,2.741833E+00
2.339500E+03,2.607982E+00
2.340000E+03,2.474435E+00
2.340500E+03,2.348372E+00
2.341000E+03,2.232626E+00
2.341500E+03,2.125727E+00
2.342000E+03,2.022497E+00
2.342500E+03,1.915101E+00
2.343000E+03,1.794403E+00
2.343500E+03,1.651420E+00
2.344000E+03,1.478712E+00
2.344500E+03,1.271536E+00
2.345000E+03,1.028653E+00
2.345500E+03,7.527004E-01
2.346000E+03,4.501121E-01
2.346500E+03,1.305924E-01
2.347000E+03,-1.937933E-01
2.347500E+03,-5.098197E-01
2.348000E+03,-8.044636E-01
2.348500E+03,-1.066274E+00
2.349000E+03,-1.286583E+00
2.349500E+03,-1.460393E+00
2.350000E+03,-1.586815E+00
2.350500E+03,-1.668957E+00
2.351000E+03,-1.713282E+00
2.351500E+03,-1.728482E+00
2.352000E+03,-1.724061E+00
2.352500E+03,-1.708818E+00
2.353000E+03,-1.689519E+00
2.353500E+03,-1.669964E+00
2.354000E+03,-1.650656E+00
2.354500E+03,-1.629114E+00
2.355000E+03,-1.600798E+00
2.355500E+03,-1.560466E+00
2.356000E+03,-1.503678E+00
2.356500E+03,-1.428154E+00
2.357000E+03,-1.334677E+00
2.357500E+03,-1.227332E+00
2.358000E+03,-1.113006E+00
2.358500E+03,-1.000217E+00
2.359000E+03,-8.974817E-01
2.359500E+03,-8.115685E-01
2.360000E+03,-7.459634E-01
2.360500E+03,-6.999001E-01
2.361000E+03,-6.681627E-01
2.361500E+03,-6.417330E-01
2.362000E+03,-6.091825E-01
2.362500E+03,-5.585584E-01
2.363000E+03,-4.794156E-01
2.363500E+03,-3.646171E-01
2.364000E+03,-2.115772E-01
2.364500E+03,-2.273143E-02
2.365000E+03,1.948252E-01
2.365500E+03,4.304319E-01
2.366000E+03,6.714548E-01
2.366500E+03,9.050667E-01
2.367000E+03,1.119888E+00
2.367500E+03,1.307220E+00
2.368000E+03,1.461701E+00
2.368500E+03,1.581357E+00
2.369000E+03,1.667109E+00
2.369500E+03,1.721943E+00
2.370000E+03,1.749939E+00
2.370500E+03,1.755377E+00
2.371000E+03,1.742075E+00
2.371500E+03,1.713040E+00
2.372000E+03,1.670408E+00
2.372500E+03,1.615612E+00
2.373000E+03,1.549651E+00
2.373500E+03,1.473349E+00
2.374000E+03,1.387523E+00
2.374500E+03,1.293024E+00
2.375000E+03,1.190677E+00
2.375500E+03,1.081164E+00
2.376000E+03,9.649455E-01
2.376500E+03,8.422650E-01
2.377000E+03,7.132664E-01
2.377500E+03,5.782172E-01
2.378000E+03,4.377746E-01
2.378500E+03,2.932210E-01
2.379000E+03,1.465879E-01
2.379500E+03,6.155727E-04
2.380000E+03,-1.414677E-01
2.380500E+03,-2.763188E-01
2.381000E+03,-4.009378E-01
2.381500E+03,-5.131261E-01
2.382000E+03,-6.118626E-01
2.382500E+03,-6.975338E-01
2.383000E+03,-7.719941E-01
2.383500E+03,-8.384610E-01
2.384000E+03,-9.012775E-01
2.384500E+03,-9.655839E-01
2.385000E+03,-1.036928E+00
2.385500E+03,-1.120829E+00
2.386000E+03,-1.222281E+00
2.386500E+03,-1.345182E+00
2.387000E+03,-1.491683E+00
2.387500E+03,-1.661466E+00
2.388000E+03,-1.851045E+00
2.388500E+03,-2.053201E+00
2.389000E+03,-2.256705E+00
2.389500E+03,-2.446523E+00
2.390000E+03,-2.604595E+00
2.390500E+03,-2.711263E+00
2.391000E+03,-2.747250E+00
2.391500E+03,-2.695992E+00
2.392000E+03,-2.546006E+00
2.392500E+03,-2.292906E+00
2.393000E+03,-1.940682E+00
2.393500E+03,-1.501953E+00
2.394000E+03,-9.970460E-01
2.394500E+03,-4.519619E-01
2.395000E+03,1.045051E-01
2.395500E+03,6.440553E-01
2.396000E+03,1.142047E+00
2.396500E+03,1.580007E+00
2.397000E+03,1.947057E+00
2.397500E+03,2.240063E+00
2.398000E+03,2.462491E+00
2.398500E+03,2.622285E+00
2.399000E+03,2.729208E+00
2.399500E+03,2.792216E+00
2.400000E+03,2.817427E+00
2.400500E+03,2.807092E+00
2.401000E+03,2.759757E+00
2.401500E+03,2.671547E+00
2.402000E+03,2.538255E+00
2.402500E+03,2.357708E+00
2.403000E+03,2.131848E+00
2.403500E+03,1.867991E+00
2.404000E+03,1.578901E+00
2.404500E+03,1.281571E+00
2.405000E+03,9.948890E-01
2.405500E+03,7.365994E-01
2.406000E+03,5.201624E-01
2.406500E+03,3.521466E-01
2.407000E+03,2.307173E-01
2.407500E+03,1.455833E-01
2.408000E+03,7.949542E-02
2.408500E+03,1.109003E-02
2.409000E+03,-8.138636E-02
2.409500E+03,-2.161128E-01
2.410000E+03,-4.041856E-01
2.410500E+03,-6.471905E-01
2.411000E+03,-9.362904E-01
2.411500E+03,-1.253005E+00
2.412000E+03,-1.571560E+00
2.412500E+03,-1.862424E+00
2.413000E+03,-2.096457E+00
2.413500E+03,-2.248987E+00
2.414000E+03,-2.303200E+00
2.414500E+03,-2.252305E+00
2.415000E+03,-2.100203E+00
2.415500E+03,-1.860612E+00
2.416000E+03,-1.554853E+00
2.416500E+03,-1.208730E+00
2.417000E+03,-8.490220E-01
2.417500E+03,-5.001717E-01
2.418000E+03,-1.816790E-01
2.418500E+03,9.344990E-02
2.419000E+03,3.190286E-01
2.419500E+03,4.948480E-01
2.420000E+03,6.249192E-01
2.420500E+03,7.151987E-01
2.421000E+03,7.712712E-01
2.421500E+03,7.964492E-01
2.422000E+03,7.906617E-01
2.422500E+03,7.503423E-01
2.423000E+03,6.693416E-01
2.423500E+03,5.406869E-01
2.424000E+03,3.588524E-01
2.424500E+03,1.220940E-01
2.425000E+03,-1.656177E-01
2.425500E+03,-4.934787E-01
2.426000E+03,-8.438202E-01
2.426500E+03,-1.193254E+00
2.427000E+03,-1.514877E+00
2.427500E+03,-1.781218E+00
2.428000E+03,-1.967491E+00
2.428500E+03,-2.054637E+00
2.429000E+03,-2.031672E+00
2.429500E+03,-1.896981E+00
2.430000E+03,-1.658354E+00
2.430500E+03,-1.331796E+00
2.431000E+03,-9.393146E-01
2.431500E+03,-5.060830E-01
2.432000E+03,-5.742998E-02
2.432500E+03,3.838586E-01
2.433000E+03,7.995428E-01
2.433500E+03,1.176992E+00
2.434000E+03,1.509243E+00
2.434500E+03,1.794176E+00
2.435000E+03,2.033061E+00
2.435500E+03,2.228837E+00
2.436000E+03,2.384462E+00
2.436500E+03,2.501659E+00
2.437000E+03,2.580229E+00
2.437500E+03,2.618005E+00
2.438000E+03,2.611356E+00
2.438500E+03,2.556095E+00
2.439000E+03,2.448532E+00
2.439500E+03,2.286478E+00
2.440000E+03,2.070012E+00
2.440500E+03,1.801913E+00
2.441000E+03,1.487738E+00
2.441500E+03,1.135624E+00
2.442000E+03,7.558755E-01
2.442500E+03,3.604804E-01
2.443000E+03,-3.740118E-02
2.443500E+03,-4.239250E-01
2.444000E+03,-7.850512E-01
2.444500E+03,-1.107082E+00
2.445000E+03,-1.377302E+00
2.445500E+03,-1.584761E+00
2.446000E+03,-1.721163E+00
2.446500E+03,-1.781802E+00
2.447000E+03,-1.766393E+00
2.447500E+03,-1.679625E+00
2.448000E+03,-1.531286E+00
2.448500E+03,-1.335820E+00
2.449000E+03,-1.111295E+00
2.449500E+03,-8.778327E-01
2.450000E+03,-6.556850E-01
2.450500E+03,-4.631949E-01
2.451000E+03,-3.149469E-01
2.451500E+03,-2.203809E-01
2.452000E+03,-1.830851E-01
2.452500E+03,-2.008733E-01
2.453000E+03,-2.666159E-01
2.453500E+03,-3.696654E-01
2.454000E+03,-4.976140E-01
2.454500E+03,-6.380638E-01
2.455000E+03,-7.801003E-01
2.455500E+03,-9.152215E-01
2.456000E+03,-1.037592E+00
2.456500E+03,-1.143630E+00
2.457000E+03,-1.231079E+00
2.457500E+03,-1.297812E+00
2.458000E+03,-1.340702E+00
2.458500E+03,-1.354860E+00
2.459000E+03,-1.333480E+00
2.459500E+03,-1.268424E+00
2.460000E+03,-1.151501E+00
2.460500E+03,-9.762408E-01
2.461000E+03,-7.398537E-01
2.461500E+03,-4.449759E-01
2.462000E+03,-1.008027E-01
2.462500E+03,2.767029E-01
2.463000E+03,6.657044E-01
2.463500E+03,1.040472E+00
2.464000E+03,1.374238E+00
2.464500E+03,1.642540E+00
2.465000E+03,1.826541E+00
2.465500E+03,1.915796E+00
2.466000E+03,1.909981E+00
2.466500E+03,1.819251E+00
2.467000E+03,1.663108E+00
2.467500E+03,1.467890E+00
2.468000E+03,1.263244E+00
2.468500E+03,1.078082E+00
2.469000E+03,9.366520E-01
2.469500E+03,8.553024E-01
2.470000E+03,8.404330E-01
2.470500E+03,8.879094E-01
2.471000E+03,9.839870E-01
2.471500E+03,1.107542E+00
2.472000E+03,1.233209E+00
2.472500E+03,1.334906E+00
2.473000E+03,1.389189E+00
2.473500E+03,1.377975E+00
2.474000E+03,1.290291E+00
2.474500E+03,1.122929E+00
2.475000E+03,8.800724E-01
2.475500E+03,5.721197E-01
2.476000E+03,2.140266E-01
2.476500E+03,-1.764827E-01
2.477000E+03,-5.805556E-01
2.477500E+03,-9.795232E-01
2.478000E+03,-1.355833E+00
2.478500E+03,-1.693664E+00
2.479000E+03,-1.979359E+00
2.479500E+03,-2.201810E+00
2.480000E+03,-2.352905E+00
2.480500E+03,-2.428029E+00
2.481000E+03,-2.426559E+00
2.481500E+03,-2.352167E+00
2.482000E+03,-2.212767E+00
2.482500E+03,-2.019938E+00
2.483000E+03,-1.787779E+00
2.483500E+03,-1.531274E+00
2.484000E+03,-1.264369E+00
2.484500E+03,-9.981171E-01
2.485000E+03,-7.392282E-01
2.485500E+03,-4.893835E-01
2.486000E+03,-2.455048E-01
2.486500E+03,-1.014607E-03
2.487000E+03,2.520973E-01
2.487500E+03,5.207651E-01
2.488000E+03,8.083786E-01
2.488500E+03,1.112861E+00
2.489000E+03,1.425713E+00
2.489500E+03,1.732261E+00
2.490000E+03,2.013126E+00
2.490500E+03,2.246663E+00
2.491000E+03,2.411953E+00
2.491500E+03,2.491795E+00
2.492000E+03,2.475155E+00
2.492500E+03,2.358658E+00
2.493000E+03,2.146873E+00
2.493500E+03,1.851421E+00
2.494000E+03,1.489138E+00
2.494500E+03,1.079707E+00
2.495000E+03,6.432317E-01
2.495500E+03,1.982226E-01
2.496000E+03,-2.397068E-01
2.496500E+03,-6.582845E-01
2.497000E+03,-1.048242E+00
2.497500E+03,-1.402430E+00
2.498000E+03,-1.714732E+00
2.498500E+03,-1.979113E+00
2.499000E+03,-2.189089E+00
2.499500E+03,-2.337738E+00
2.500000E+03,-2.418240E+00
2.500500E+03,-2.424786E+00
2.501000E+03,-2.353599E+00
2.501500E+03,-2.203814E+00
2.502000E+03,-1.978028E+00
2.502500E+03,-1.682409E+00
2.503000E+03,-1.326415E+00
2.503500E+03,-9.222591E-01
2.504000E+03,-4.842922E-01
2.504500E+03,-2.850058E-02
2.505000E+03,4.278097E-01
2.505500E+03,8.661554E-01
2.506000E+03,1.266989E+00
2.506500E+03,1.610009E+00
2.507000E+03,1.874892E+00
2.507500E+03,2.042624E+00
2.508000E+03,2.097432E+00
2.508500E+03,2.029161E+00
2.509000E+03,1.835726E+00
2.509500E+03,1.525152E+00
2.510000E+03,1.116688E+00
2.510500E+03,6.405262E-01
2.511000E+03,1.359085E-01
2.511500E+03,-3.523705E-01
2.512000E+03,-7.787051E-01
2.512500E+03,-1.102049E+00
2.513000E+03,-1.291114E+00
2.513500E+03,-1.328563E+00
2.514000E+03,-1.213464E+00
2.514500E+03,-9.615690E-01
2.515000E+03,-6.032877E-01
2.515500E+03,-1.796597E-01
2.516000E+03,2.630706E-01
2.516500E+03,6.794205E-01
2.517000E+03,1.030256E+00
2.517500E+03,1.287170E+00
2.518000E+03,1.435044E+00
2.518500E+03,1.472554E+00
2.519000E+03,1.410685E+00
2.519500E+03,1.269692E+00
2.520000E+03,1.075151E+00
2.520500E+03,8.538063E-01
2.521000E+03,6.299151E-01
2.521500E+03,4.225864E-01
2.522000E+03,2.443816E-01
2.522500E+03,1.011834E-01
2.523000E+03,-6.893286E-03
2.523500E+03,-8.392039E-02
2.524000E+03,-1.363369E-01
2.524500E+03,-1.712766E-01
2.525000E+03,-1.953205E-01
2.525500E+03,-2.137958E-01
2.526000E+03,-2.306007E-01
2.526500E+03,-2.484148E-01
2.527000E+03,-2.691024E-01
2.527500E+03,-2.941168E-01
2.528000E+03,-3.247673E-01
2.528500E+03,-3.622902E-01
2.529000E+03,-4.077466E-01
2.529500E+03,-4.618273E-01
2.530000E+03,-5.246682E-01
2.530500E+03,-5.957618E-01
2.531000E+03,-6.740054E-01
2.531500E+03,-7.578652E-01
2.532000E+03,-8.455889E-01
2.532500E+03,-9.353702E-01
2.533000E+03,-1.025380E+00
2.533500E+03,-1.113618E+00
2.534000E+03,-1.197608E+00
2.534500E+03,-1.274010E+00
2.535000E+03,-1.338293E+00
2.535500E+03,-1.384611E+00
2.536000E+03,-1.405998E+00
2.536500E+03,-1.394961E+00
2.537000E+03,-1.344413E+00
2.537500E+03,-1.248844E+00
2.538000E+03,-1.105528E+00
2.538500E+03,-9.155105E-01
2.539000E+03,-6.841733E-01
2.539500E+03,-4.211963E-01
2.540000E+03,-1.398548E-01
2.540500E+03,1.442904E-01
2.541000E+03,4.151413E-01
2.541500E+03,6.579897E-01
2.542000E+03,8.613246E-01
2.542500E+03,1.018235E+00
2.543000E+03,1.127186E+00
2.543500E+03,1.192056E+00
2.544000E+03,1.221430E+00
2.544500E+03,1.227282E+00
2.545000E+03,1.223241E+00
2.545500E+03,1.222711E+00
2.546000E+03,1.237107E+00
2.546500E+03,1.274416E+00
2.547000E+03,1.338257E+00
2.547500E+03,1.427499E+00
2.548000E+03,1.536429E+00
2.548500E+03,1.655398E+00
2.549000E+03,1.771819E+00
2.549500E+03,1.871397E+00
2.550000E+03,1.939447E+00
2.550500E+03,1.962212E+00
2.551000E+03,1.928074E+00
2.551500E+03,1.828616E+00
2.552000E+03,1.659458E+00
2.552500E+03,1.420844E+00
2.553000E+03,1.117910E+00
2.553500E+03,7.606063E-01
2.554000E+03,3.632254E-01
2.554500E+03,-5.645482E-02
2.555000E+03,-4.783976E-01
2.555500E+03,-8.818192E-01
2.556000E+03,-1.246866E+00
2.556500E+03,-1.556293E+00
2.557000E+03,-1.796965E+00
2.557500E+03,-1.961006E+00
2.558000E+03,-2.046443E+00
2.558500E+03,-2.057278E+00
2.559000E+03,-2.002953E+00
2.559500E+03,-1.897282E+00
2.560000E+03,-1.756975E+00
2.560500E+03,-1.599929E+00
2.561000E+03,-1.443479E+00
2.561500E+03,-1.302809E+00
2.562000E+03,-1.189651E+00
2.562500E+03,-1.111404E+00
2.563000E+03,-1.070697E+00
2.563500E+03,-1.065403E+00
2.564000E+03,-1.089052E+00
2.564500E+03,-1.131579E+00
2.565000E+03,-1.180314E+00
2.565500E+03,-1.221154E+00
2.566000E+03,-1.239827E+00
2.566500E+03,-1.223178E+00
2.567000E+03,-1.160410E+00
2.567500E+03,-1.044184E+00
2.568000E+03,-8.714759E-01
2.568500E+03,-6.440986E-01
2.569000E+03,-3.687753E-01
2.569500E+03,-5.670458E-02
2.570000E+03,2.774022E-01
2.570500E+03,6.167549E-01
2.571000E+03,9.442521E-01
2.571500E+03,1.244368E+00
2.572000E+03,1.504896E+00
2.572500E+03,1.718266E+00
2.573000E+03,1.882205E+00
2.573500E+03,1.999577E+00
2.574000E+03,2.077391E+00
2.574500E+03,2.125086E+00
2.575000E+03,2.152368E+00
2.575500E+03,2.166957E+00
2.576000E+03,2.172660E+00
2.576500E+03,2.168150E+00
2.577000E+03,2.146726E+00
2.577500E+03,2.097176E+00
2.578000E+03,2.005642E+00
2.578500E+03,1.858224E+00
2.579000E+03,1.643888E+00
2.579500E+03,1.357160E+00
2.580000E+03,1.000120E+00
2.580500E+03,5.832941E-01
2.581000E+03,1.252280E-01
2.581500E+03,-3.492338E-01
2.582000E+03,-8.117368E-01
2.582500E+03,-1.233836E+00
2.583000E+03,-1.590502E+00
2.583500E+03,-1.863165E+00
2.584000E+03,-2.041794E+00
2.584500E+03,-2.125732E+00
2.585000E+03,-2.123157E+00
2.585500E+03,-2.049328E+00
2.586000E+03,-1.923937E+00
2.586500E+03,-1.768022E+00
2.587000E+03,-1.600967E+00
2.587500E+03,-1.438031E+00
2.588000E+03,-1.288760E+00
2.588500E+03,-1.156445E+00
2.589000E+03,-1.038616E+00
2.589500E+03,-9.283801E-01
2.590000E+03,-8.163181E-01
2.590500E+03,-6.925763E-01
2.591000E+03,-5.488196E-01
2.591500E+03,-3.797748E-01
2.592000E+03,-1.841914E-01
2.592500E+03,3.483355E-02
2.593000E+03,2.701247E-01
2.593500E+03,5.111767E-01
2.594000E+03,7.452284E-01
2.594500E+03,9.585109E-01
2.595000E+03,1.137533E+00
2.595500E+03,1.270307E+00
2.596000E+03,1.347431E+00
2.596500E+03,1.362994E+00
2.597000E+03,1.315240E+00
2.597500E+03,1.206943E+00
2.598000E+03,1.045457E+00
2.598500E+03,8.423713E-01
2.599000E+03,6.127602E-01
2.599500E+03,3.740289E-01
2.600000E+03,1.444312E-01
2.600500E+03,-5.862073E-02
2.601000E+03,-2.202724E-01
2.601500E+03,-3.297614E-01
2.602000E+03,-3.815605E-01
2.602500E+03,-3.759618E-01
2.603000E+03,-3.189996E-01
2.603500E+03,-2.217068E-01
2.604000E+03,-9.879400E-02
2.604500E+03,3.307011E-02
2.605000E+03,1.571458E-01
2.605500E+03,2.584238E-01
2.606000E+03,3.251138E-01
2.606500E+03,3.496535E-01
2.607000E+03,3.291536E-01
2.607500E+03,2.652866E-01
2.608000E+03,1.637056E-01
2.608500E+03,3.313663E-02
2.609000E+03,-1.156886E-01
2.609500E+03,-2.711027E-01
2.610000E+03,-4.214549E-01
2.610500E+03,-5.558749E-01
2.611000E+03,-6.648358E-01
2.611500E+03,-7.405414E-01
2.612000E+03,-7.771957E-01
2.612500E+03,-7.712076E-01
2.613000E+03,-7.213725E-01
2.613500E+03,-6.290400E-01
2.614000E+03,-4.982410E-01
2.614500E+03,-3.357242E-01
2.615000E+03,-1.508346E-01
2.615500E+03,4.482835E-02
2.616000E+03,2.380097E-01
2.616500E+03,4.146581E-01
2.617000E+03,5.610025E-01
2.617500E+03,6.647587E-01
2.618000E+03,7.163477E-01
2.618500E+03,7.099839E-01
2.619000E+03,6.444944E-01
2.619500E+03,5.237482E-01
2.620000E+03,3.566098E-01
2.620500E+03,1.563839E-01
2.621000E+03,-6.022806E-02
2.621500E+03,-2.745786E-01
2.622000E+03,-4.678023E-01
2.622500E+03,-6.226491E-01
2.623000E+03,-7.252303E-01
2.623500E+03,-7.664840E-01
2.624000E+03,-7.431865E-01
2.624500E+03,-6.583800E-01
2.625000E+03,-5.211478E-01
2.625500E+03,-3.457414E-01
2.626000E+03,-1.501362E-01
2.626500E+03,4.583437E-02
2.627000E+03,2.225649E-01
2.627500E+03,3.627552E-01
2.628000E+03,4.532453E-01
2.628500E+03,4.864038E-01
2.629000E+03,4.609200E-01
2.629500E+03,3.819191E-01
2.630000E+03,2.604013E-01
2.630500E+03,1.120811E-01
2.631000E+03,-4.423333E-02
2.631500E+03,-1.885373E-01
2.632000E+03,-3.016023E-01
2.632500E+03,-3.668277E-01
2.633000E+03,-3.718031E-01
2.633500E+03,-3.094525E-01
2.634000E+03,-1.786814E-01
2.634500E+03,1.550187E-02
2.635000E+03,2.623737E-01
2.635500E+03,5.463365E-01
2.636000E+03,8.481269E-01
2.636500E+03,1.146284E+00
2.637000E+03,1.418756E+00
2.637500E+03,1.644528E+00
2.638000E+03,1.805131E+00
2.638500E+03,1.885941E+00
2.639000E+03,1.877165E+00
2.639500E+03,1.774452E+00
2.640000E+03,1.579097E+00
2.640500E+03,1.297855E+00
2.641000E+03,9.423827E-01
2.641500E+03,5.284098E-01
2.642000E+03,7.469964E-02
2.642500E+03,-3.980923E-01
2.643000E+03,-8.685811E-01
2.643500E+03,-1.315767E+00
2.644000E+03,-1.720057E+00
2.644500E+03,-2.064160E+00
2.645000E+03,-2.333852E+00
2.645500E+03,-2.518597E+00
2.646000E+03,-2.612010E+00
2.646500E+03,-2.612143E+00
2.647000E+03,-2.521564E+00
2.647500E+03,-2.347182E+00
2.648000E+03,-2.099810E+00
2.648500E+03,-1.793460E+00
2.649000E+03,-1.444394E+00
2.649500E+03,-1.070027E+00
2.650000E+03,-6.877738E-01
2.650500E+03,-3.139794E-01
2.651000E+03,3.694293E-02
2.651500E+03,3.530752E-01
2.652000E+03,6.252154E-01
2.652500E+03,8.467836E-01
2.653000E+03,1.013505E+00
2.653500E+03,1.123008E+00
2.654000E+03,1.174495E+00
2.654500E+03,1.168614E+00
2.655000E+03,1.107607E+00
2.655500E+03,9.957262E-01
2.656000E+03,8.397961E-01
2.656500E+03,6.497648E-01
2.657000E+03,4.389981E-01
2.657500E+03,2.241155E-01
2.658000E+03,2.421676E-02
2.658500E+03,-1.405372E-01
2.659000E+03,-2.508910E-01
2.659500E+03,-2.907741E-01
2.660000E+03,-2.495591E-01
2.660500E+03,-1.239184E-01
2.661000E+03,8.107210E-02
2.661500E+03,3.518377E-01
2.662000E+03,6.673171E-01
2.662500E+03,1.001001E+00
2.663000E+03,1.323736E+00
2.663500E+03,1.606911E+00
2.664000E+03,1.825553E+00
2.664500E+03,1.960900E+00
2.665000E+03,2.002092E+00
2.665500E+03,1.946790E+00
2.666000E+03,1.800699E+00
2.666500E+03,1.576153E+00
2.667000E+03,1.290080E+00
2.667500E+03,9.617045E-01
2.668000E+03,6.103787E-01
2.668500E+03,2.538454E-01
2.669000E+03,-9.286700E-02
2.669500E+03,-4.178701E-01
2.670000E+03,-7.122472E-01
2.670500E+03,-9.694816E-01
2.671000E+03,-1.184727E+00
2.671500E+03,-1.354163E+00
2.672000E+03,-1.474629E+00
2.672500E+03,-1.543628E+00
2.673000E+03,-1.559721E+00
2.673500E+03,-1.523180E+00
2.674000E+03,-1.436763E+00
2.674500E+03,-1.306384E+00
2.675000E+03,-1.141488E+00
2.675500E+03,-9.549734E-01
2.676000E+03,-7.625764E-01
2.676500E+03,-5.817188E-01
2.677000E+03,-4.299068E-01
2.677500E+03,-3.228435E-01
2.678000E+03,-2.724807E-01
2.678500E+03,-2.852616E-01
2.679000E+03,-3.608092E-01
2.679500E+03,-4.912843E-01
2.680000E+03,-6.615737E-01
2.680500E+03,-8.503783E-01
2.681000E+03,-1.032162E+00
2.681500E+03,-1.179803E+00
2.682000E+03,-1.267676E+00
2.682500E+03,-1.274795E+00
2.683000E+03,-1.187625E+00
2.683500E+03,-1.002134E+00
2.684000E+03,-7.247674E-01
2.684500E+03,-3.721330E-01
2.685000E+03,3.064014E-02
2.685500E+03,4.527010E-01
2.686000E+03,8.610884E-01
2.686500E+03,1.224664E+00
2.687000E+03,1.517804E+00
2.687500E+03,1.723318E+00
2.688000E+03,1.834149E+00
2.688500E+03,1.853626E+00
2.689000E+03,1.794254E+00
2.689500E+03,1.675256E+00
2.690000E+03,1.519312E+00
2.690500E+03,1.349012E+00
2.691000E+03,1.183625E+00
2.691500E+03,1.036659E+00
2.692000E+03,9.145558E-01
2.692500E+03,8.166503E-01
2.693000E+03,7.362788E-01
2.693500E+03,6.627580E-01
2.694000E+03,5.838112E-01
2.694500E+03,4.879903E-01
2.695000E+03,3.666923E-01
2.695500E+03,2.154861E-01
2.696000E+03,3.463151E-02
2.696500E+03,-1.711688E-01
2.697000E+03,-3.936091E-01
2.697500E+03,-6.219628E-01
2.698000E+03,-8.443455E-01
2.698500E+03,-1.048847E+00
2.699000E+03,-1.224406E+00
2.699500E+03,-1.361399E+00
2.700000E+03,-1.452006E+00
2.700500E+03,-1.490435E+00
2.701000E+03,-1.473134E+00
2.701500E+03,-1.399024E+00
2.702000E+03,-1.269779E+00
2.702500E+03,-1.090053E+00
2.703000E+03,-8.675731E-01
2.703500E+03,-6.129456E-01
2.704000E+03,-3.391135E-01
2.704500E+03,-6.043246E-02
2.705000E+03,2.085519E-01
2.705500E+03,4.544694E-01
2.706000E+03,6.664168E-01
2.706500E+03,8.369475E-01
2.707000E+03,9.625756E-01
2.707500E+03,1.043692E+00
2.708000E+03,1.083906E+00
2.708500E+03,1.088949E+00
2.709000E+03,1.065343E+00
2.709500E+03,1.019117E+00
2.710000E+03,9.548170E-01
2.710500E+03,8.749909E-01
2.711000E+03,7.802450E-01
2.711500E+03,6.698218E-01
2.712000E+03,5.425535E-01
2.712500E+03,3.979638E-01
2.713000E+03,2.372606E-01
2.713500E+03,6.399300E-02
2.714000E+03,-1.157835E-01
2.714500E+03,-2.938871E-01
2.715000E+03,-4.608758E-01
2.715500E+03,-6.072496E-01
2.716000E+03,-7.247715E-01
2.716500E+03,-8.076755E-01
2.717000E+03,-8.535507E-01
2.717500E+03,-8.637471E-01
2.718000E+03,-8.432345E-01
2.718500E+03,-7.999255E-01
2.719000E+03,-7.435580E-01
2.719500E+03,-6.842896E-01
2.720000E+03,-6.311953E-01
2.720500E+03,-5.908715E-01
2.721000E+03,-5.663382E-01
2.721500E+03,-5.564023E-01
2.722000E+03,-5.555945E-01
2.722500E+03,-5.547344E-01
2.723000E+03,-5.421017E-01
2.723500E+03,-5.051139E-01
2.724000E+03,-4.323317E-01
2.724500E+03,-3.155409E-01
2.725000E+03,-1.516174E-01
2.725500E+03,5.613394E-02
2.726000E+03,2.974341E-01
2.726500E+03,5.554661E-01
2.727000E+03,8.083435E-01
2.727500E+03,1.031508E+00
2.728000E+03,1.200779E+00
2.728500E+03,1.295656E+00
2.729000E+03,1.302365E+00
2.729500E+03,1.216160E+00
2.730000E+03,1.042468E+00
2.730500E+03,7.966168E-01
2.731000E+03,5.021222E-01
2.731500E+03,1.877574E-01
2.732000E+03,-1.161792E-01
2.732500E+03,-3.818070E-01
2.733000E+03,-5.871954E-01
2.733500E+03,-7.189210E-01
2.734000E+03,-7.732569E-01
2.734500E+03,-7.558432E-01
2.735000E+03,-6.799601E-01
2.735500E+03,-5.637703E-01
2.736000E+03,-4.270682E-01
2.736500E+03,-2.881426E-01
2.737000E+03,-1.613022E-01
2.737500E+03,-5.545555E-02
2.738000E+03,2.609587E-02
2.738500E+03,8.474724E-02
2.739000E+03,1.248815E-01
2.739500E+03,1.518273E-01
2.740000E+03,1.699888E-01
2.740500E+03,1.815800E-01
2.741000E+03,1.862334E-01
2.741500E+03,1.815276E-01
2.742000E+03,1.642607E-01
2.742500E+03,1.321100E-01
2.743000E+03,8.522931E-02
2.743500E+03,2.734254E-02
2.744000E+03,-3.399217E-02
2.744500E+03,-8.808620E-02
2.745000E+03,-1.227051E-01
2.745500E+03,-1.262398E-01
2.746000E+03,-9.002286E-02
2.746500E+03,-1.029697E-02
2.747000E+03,1.106029E-01
2.747500E+03,2.641418E-01
2.748000E+03,4.366241E-01
2.748500E+03,6.112162E-01
2.749000E+03,7.705835E-01
2.749500E+03,8.996407E-01
2.750000E+03,9.878795E-01
2.750500E+03,1.030816E+00
2.751000E+03,1.030274E+00
2.751500E+03,9.934367E-01
2.752000E+03,9.308694E-01
2.752500E+03,8.539001E-01
2.753000E+03,7.718927E-01
2.753500E+03,6.899759E-01
2.754000E+03,6.077043E-01
2.754500E+03,5.189567E-01
2.755000E+03,4.131322E-01
2.755500E+03,2.774515E-01
2.756000E+03,9.994468E-02
2.756500E+03,-1.274380E-01
2.757000E+03,-4.062022E-01
2.757500E+03,-7.297048E-01
2.758000E+03,-1.082930E+00
2.758500E+03,-1.443753E+00
2.759000E+03,-1.785539E+00
2.759500E+03,-2.080658E+00
2.760000E+03,-2.304329E+00
2.760500E+03,-2.438149E+00
2.761000E+03,-2.472673E+00
2.761500E+03,-2.408624E+00
2.762000E+03,-2.256501E+00
2.762500E+03,-2.034683E+00
2.763000E+03,-1.766367E+00
2.763500E+03,-1.475891E+00
2.764000E+03,-1.185097E+00
2.764500E+03,-9.103675E-01
2.765000E+03,-6.608273E-01
2.765500E+03,-4.379787E-01
2.766000E+03,-2.367608E-01
2.766500E+03,-4.775573E-02
2.767000E+03,1.399413E-01
2.767500E+03,3.357843E-01
2.768000E+03,5.453529E-01
2.768500E+03,7.689004E-01
2.769000E+03,1.001119E+00
2.769500E+03,1.232106E+00
2.770000E+03,1.449276E+00
2.770500E+03,1.639772E+00
2.771000E+03,1.792850E+00
2.771500E+03,1.901725E+00
2.772000E+03,1.964528E+00
2.772500E+03,1.984196E+00
2.773000E+03,1.967385E+00
2.773500E+03,1.922694E+00
2.774000E+03,1.858625E+00
2.774500E+03,1.781764E+00
2.775000E+03,1.695570E+00
2.775500E+03,1.600043E+00
2.776000E+03,1.492294E+00
2.776500E+03,1.367839E+00
2.777000E+03,1.222286E+00
2.777500E+03,1.052961E+00
2.778000E+03,8.600801E-01
2.778500E+03,6.471497E-01
2.779000E+03,4.205072E-01
2.779500E+03,1.880956E-01
2.780000E+03,-4.222058E-02
2.780500E+03,-2.643755E-01
2.781000E+03,-4.754090E-01
2.781500E+03,-6.759949E-01
2.782000E+03,-8.699959E-01
2.782500E+03,-1.063078E+00
2.783000E+03,-1.260641E+00
2.783500E+03,-1.465503E+00
2.784000E+03,-1.675860E+00
2.784500E+03,-1.884025E+00
2.785000E+03,-2.076306E+00
2.785500E+03,-2.234163E+00
2.786000E+03,-2.336556E+00
2.786500E+03,-2.363095E+00
2.787000E+03,-2.297486E+00
2.787500E+03,-2.130647E+00
2.788000E+03,-1.862918E+00
2.788500E+03,-1.504945E+00
2.789000E+03,-1.077043E+00
2.789500E+03,-6.070972E-01
2.790000E+03,-1.273315E-01
2.790500E+03,3.295489E-01
2.791000E+03,7.342372E-01
2.791500E+03,1.064129E+00
2.792000E+03,1.305571E+00
2.792500E+03,1.454753E+00
2.793000E+03,1.517185E+00
2.793500E+03,1.505917E+00
2.794000E+03,1.438837E+00
2.794500E+03,1.335528E+00
2.795000E+03,1.214179E+00
2.795500E+03,1.089012E+00
2.796000E+03,9.685777E-01
2.796500E+03,8.551202E-01
2.797000E+03,7.450479E-01
2.797500E+03,6.303692E-01
2.798000E+03,5.008419E-01
2.798500E+03,3.464851E-01
2.799000E+03,1.600694E-01
2.799500E+03,-6.077999E-02
2.800000E+03,-3.121789E-01
2.800500E+03,-5.834901E-01
2.801000E+03,-8.578338E-01
2.801500E+03,-1.113570E+00
2.802000E+03,-1.326589E+00
2.802500E+03,-1.473152E+00
2.803000E+03,-1.532918E+00
2.803500E+03,-1.491793E+00
2.804000E+03,-1.344203E+00
2.804500E+03,-1.094489E+00
2.805000E+03,-7.571867E-01
2.805500E+03,-3.561034E-01
2.806000E+03,7.773243E-02
2.806500E+03,5.090524E-01
2.807000E+03,9.019169E-01
2.807500E+03,1.223450E+00
2.808000E+03,1.447295E+00
2.808500E+03,1.556360E+00
2.809000E+03,1.544541E+00
2.809500E+03,1.417200E+00
2.810000E+03,1.190370E+00
2.810500E+03,8.887985E-01
2.811000E+03,5.430915E-01
2.811500E+03,1.863218E-01
2.812000E+03,-1.494833E-01
2.812500E+03,-4.365580E-01
2.813000E+03,-6.539575E-01
2.813500E+03,-7.892001E-01
2.814000E+03,-8.388540E-01
2.814500E+03,-8.080694E-01
2.815000E+03,-7.091850E-01
2.815500E+03,-5.596431E-01
2.816000E+03,-3.795205E-01
2.816500E+03,-1.890095E-01
2.817000E+03,-6.169323E-03
2.817500E+03,1.547885E-01
2.818000E+03,2.845077E-01
2.818500E+03,3.787217E-01
2.819000E+03,4.377665E-01
2.819500E+03,4.655236E-01
2.820000E+03,4.680252E-01
2.820500E+03,4.519861E-01
2.821000E+03,4.235240E-01
2.821500E+03,3.872747E-01
2.822000E+03,3.460209E-01
2.822500E+03,3.008438E-01
2.823000E+03,2.517008E-01
2.823500E+03,1.982403E-01
2.824000E+03,1.406229E-01
2.824500E+03,8.011702E-02
2.825000E+03,1.929744E-02
2.825500E+03,-3.823051E-02
2.826000E+03,-8.853434E-02
2.826500E+03,-1.283252E-01
2.827000E+03,-1.559503E-01
2.827500E+03,-1.721296E-01
2.828000E+03,-1.801947E-01
2.828500E+03,-1.856837E-01
2.829000E+03,-1.952862E-01
2.829500E+03,-2.152917E-01
2.830000E+03,-2.498343E-01
2.830500E+03,-2.993112E-01
2.831000E+03,-3.593651E-01
2.831500E+03,-4.207452E-01
2.832000E+03,-4.702071E-01
2.832500E+03,-4.924138E-01
2.833000E+03,-4.725852E-01
2.833500E+03,-3.994667E-01
2.834000E+03,-2.680811E-01
2.834500E+03,-8.172448E-02
2.835000E+03,1.472338E-01
2.835500E+03,3.979945E-01
2.836000E+03,6.434118E-01
2.836500E+03,8.532568E-01
2.837000E+03,9.981802E-01
2.837500E+03,1.053759E+00
2.838000E+03,1.003987E+00
2.838500E+03,8.436550E-01
2.839000E+03,5.792654E-01
2.839500E+03,2.283569E-01
2.840000E+03,-1.826059E-01
2.840500E+03,-6.214073E-01
2.841000E+03,-1.053797E+00
2.841500E+03,-1.447177E+00
2.842000E+03,-1.773737E+00
2.842500E+03,-2.012669E+00
2.843000E+03,-2.151264E+00
2.843500E+03,-2.184917E+00
2.844000E+03,-2.116235E+00
2.844500E+03,-1.953549E+00
2.845000E+03,-1.709178E+00
2.845500E+03,-1.397778E+00
2.846000E+03,-1.034976E+00
2.846500E+03,-6.364191E-01
2.847000E+03,-2.172148E-01
2.847500E+03,2.083275E-01
2.848000E+03,6.268055E-01
2.848500E+03,1.025819E+00
2.849000E+03,1.394146E+00
2.849500E+03,1.722037E+00
2.850000E+03,2.001570E+00
2.850500E+03,2.226992E+00
2.851000E+03,2.394924E+00
2.851500E+03,2.504340E+00
2.852000E+03,2.556274E+00
2.852500E+03,2.553273E+00
2.853000E+03,2.498677E+00
2.853500E+03,2.395858E+00
2.854000E+03,2.247564E+00
2.854500E+03,2.055520E+00
2.855000E+03,1.820347E+00
2.855500E+03,1.541875E+00
2.856000E+03,1.219767E+00
2.856500E+03,8.543978E-01
2.857000E+03,4.478202E-01
2.857500E+03,4.679696E-03
2.858000E+03,-4.670754E-01
2.858500E+03,-9.558082E-01
2.859000E+03,-1.446212E+00
2.859500E+03,-1.919770E+00
2.860000E+03,-2.355645E+00
2.860500E+03,-2.731958E+00
2.861000E+03,-3.027368E+00
2.861500E+03,-3.222834E+00
2.862000E+03,-3.303427E+00
2.862500E+03,-3.260011E+00
2.863000E+03,-3.090611E+00
2.863500E+03,-2.801273E+00
2.864000E+03,-2.406256E+00
2.864500E+03,-1.927423E+00
2.865000E+03,-1.392799E+00
2.865500E+03,-8.343552E-01
2.866000E+03,-2.851914E-01
2.866500E+03,2.235810E-01
2.867000E+03,6.658957E-01
2.867500E+03,1.023314E+00
2.868000E+03,1.286758E+00
2.868500E+03,1.457110E+00
2.869000E+03,1.544541E+00
2.869500E+03,1.566639E+00
2.870000E+03,1.545560E+00
2.870500E+03,1.504637E+00
2.871000E+03,1.464933E+00
2.871500E+03,1.442291E+00
2.872000E+03,1.445298E+00
2.872500E+03,1.474499E+00
2.873000E+03,1.522910E+00
2.873500E+03,1.577723E+00
2.874000E+03,1.622842E+00
2.874500E+03,1.641789E+00
2.875000E+03,1.620456E+00
2.875500E+03,1.549226E+00
2.876000E+03,1.424151E+00
2.876500E+03,1.247037E+00
2.877000E+03,1.024532E+00
2.877500E+03,7.664898E-01
2.878000E+03,4.840068E-01
2.878500E+03,1.875848E-01
2.879000E+03,-1.142043E-01
2.879500E+03,-4.152923E-01
2.880000E+03,-7.118634E-01
2.880500E+03,-1.001404E+00
2.881000E+03,-1.281342E+00
2.881500E+03,-1.547660E+00
2.882000E+03,-1.793862E+00
2.882500E+03,-2.010620E+00
2.883000E+03,-2.186237E+00
2.883500E+03,-2.307904E+00
2.884000E+03,-2.363549E+00
2.884500E+03,-2.343922E+00
2.885000E+03,-2.244489E+00
2.885500E+03,-2.066783E+00
2.886000E+03,-1.818880E+00
2.886500E+03,-1.514923E+00
2.887000E+03,-1.173724E+00
2.887500E+03,-8.167045E-01
2.888000E+03,-4.655165E-01
2.888500E+03,-1.397497E-01
2.889000E+03,1.449153E-01
2.889500E+03,3.778502E-01
2.890000E+03,5.538159E-01
2.890500E+03,6.725512E-01
2.891000E+03,7.378075E-01
2.891500E+03,7.561068E-01
2.892000E+03,7.355139E-01
2.892500E+03,6.846628E-01
2.893000E+03,6.121731E-01
2.893500E+03,5.264680E-01
2.894000E+03,4.358911E-01
2.894500E+03,3.489377E-01
2.895000E+03,2.743984E-01
2.895500E+03,2.212463E-01
2.896000E+03,1.981817E-01
2.896500E+03,2.128614E-01
2.897000E+03,2.709394E-01
2.897500E+03,3.751202E-01
2.898000E+03,5.244461E-01
2.898500E+03,7.140036E-01
2.899000E+03,9.351496E-01
2.899500E+03,1.176240E+00
2.900000E+03,1.423740E+00
2.900500E+03,1.663495E+00
2.901000E+03,1.881930E+00
2.901500E+03,2.066952E+00
2.902000E+03,2.208422E+00
2.902500E+03,2.298177E+00
2.903000E+03,2.329698E+00
2.903500E+03,2.297625E+00
2.904000E+03,2.197354E+00
2.904500E+03,2.024937E+00
2.905000E+03,1.777414E+00
2.905500E+03,1.453612E+00
2.906000E+03,1.055247E+00
2.906500E+03,5.881257E-01
2.907000E+03,6.310093E-02
2.907500E+03,-5.035012E-01
2.908000E+03,-1.090220E+00
2.908500E+03,-1.671643E+00
2.909000E+03,-2.220356E+00
2.909500E+03,-2.709396E+00
2.910000E+03,-3.114849E+00
2.910500E+03,-3.418172E+00
2.911000E+03,-3.607844E+00
2.911500E+03,-3.680104E+00
2.912000E+03,-3.638648E+00
2.912500E+03,-3.493409E+00
2.913000E+03,-3.258657E+00
2.913500E+03,-2.950809E+00
2.914000E+03,-2.586341E+00
2.914500E+03,-2.180170E+00
2.915000E+03,-1.744734E+00
2.915500E+03,-1.289833E+00
2.916000E+03,-8.231592E-01
2.916500E+03,-3.512628E-01
2.917000E+03,1.193303E-01
2.917500E+03,5.811689E-01
2.918000E+03,1.025327E+00
2.918500E+03,1.441387E+00
2.919000E+03,1.817937E+00
2.919500E+03,2.143477E+00
2.920000E+03,2.407495E+00
2.920500E+03,2.601510E+00
2.921000E+03,2.719862E+00
2.921500E+03,2.760130E+00
2.922000E+03,2.723148E+00
2.922500E+03,2.612686E+00
2.923000E+03,2.434913E+00
2.923500E+03,2.197803E+00
2.924000E+03,1.910592E+00
2.924500E+03,1.583374E+00
2.925000E+03,1.226829E+00
2.925500E+03,8.520236E-01
2.926000E+03,4.701884E-01
2.926500E+03,9.239880E-02
2.927000E+03,-2.709040E-01
2.927500E+03,-6.105207E-01
2.928000E+03,-9.191421E-01
2.928500E+03,-1.191894E+00
2.929000E+03,-1.426616E+00
2.929500E+03,-1.623747E+00
2.930000E+03,-1.785753E+00
2.930500E+03,-1.916149E+00
2.931000E+03,-2.018251E+00
2.931500E+03,-2.093902E+00
2.932000E+03,-2.142433E+00
2.932500E+03,-2.160113E+00
2.933000E+03,-2.140259E+00
2.933500E+03,-2.074052E+00
2.934000E+03,-1.951972E+00
2.934500E+03,-1.765630E+00
2.935000E+03,-1.509675E+00
2.935500E+03,-1.183440E+00
2.936000E+03,-7.920080E-01
2.936500E+03,-3.465004E-01
2.937000E+03,1.365025E-01
2.937500E+03,6.363216E-01
2.938000E+03,1.130114E+00
2.938500E+03,1.595086E+00
2.939000E+03,2.010639E+00
2.939500E+03,2.360170E+00
2.940000E+03,2.632263E+00
2.940500E+03,2.821198E+00
2.941000E+03,2.926746E+00
2.941500E+03,2.953381E+00
2.942000E+03,2.909075E+00
2.942500E+03,2.803893E+00
2.943000E+03,2.648591E+00
2.943500E+03,2.453384E+00
2.944000E+03,2.227007E+00
2.944500E+03,1.976122E+00
2.945000E+03,1.705098E+00
2.945500E+03,1.416135E+00
2.946000E+03,1.109693E+00
2.946500E+03,7.851681E-01
2.947000E+03,4.417553E-01
2.947500E+03,7.939711E-02
2.948000E+03,-3.002702E-01
2.948500E+03,-6.930989E-01
2.949000E+03,-1.091866E+00
2.949500E+03,-1.486086E+00
2.950000E+03,-1.862288E+00
2.950500E+03,-2.204802E+00
2.951000E+03,-2.497008E+00
2.951500E+03,-2.722946E+00
2.952000E+03,-2.869087E+00
2.952500E+03,-2.926032E+00
2.953000E+03,-2.889889E+00
2.953500E+03,-2.763095E+00
2.954000E+03,-2.554546E+00
2.954500E+03,-2.278971E+00
2.955000E+03,-1.955620E+00
2.955500E+03,-1.606431E+00
2.956000E+03,-1.253917E+00
2.956500E+03,-9.190691E-01
2.957000E+03,-6.195162E-01
2.957500E+03,-3.681833E-01
2.958000E+03,-1.725575E-01
2.958500E+03,-3.459707E-02
2.959000E+03,4.877862E-02
2.959500E+03,8.475670E-02
2.960000E+03,8.342698E-02
2.960500E+03,5.648846E-02
2.961000E+03,1.602279E-02
2.961500E+03,-2.654891E-02
2.962000E+03,-6.125825E-02
2.962500E+03,-8.010671E-02
2.963000E+03,-7.731792E-02
2.963500E+03,-4.935531E-02
2.964000E+03,5.253640E-03
2.964500E+03,8.624147E-02
2.965000E+03,1.920239E-01
2.965500E+03,3.201673E-01
2.966000E+03,4.678389E-01
2.966500E+03,6.321715E-01
2.967000E+03,8.104787E-01
2.967500E+03,1.000269E+00
2.968000E+03,1.199041E+00
2.968500E+03,1.403883E+00
2.969000E+03,1.610942E+00
2.969500E+03,1.814901E+00
2.970000E+03,2.008570E+00
2.970500E+03,2.182774E+00
2.971000E+03,2.326615E+00
2.971500E+03,2.428155E+00
2.972000E+03,2.475498E+00
2.972500E+03,2.458112E+00
2.973000E+03,2.368221E+00
2.973500E+03,2.202012E+00
2.974000E+03,1.960456E+00
2.974500E+03,1.649550E+00
2.975000E+03,1.279945E+00
2.975500E+03,8.659748E-01
2.976000E+03,4.242618E-01
2.976500E+03,-2.787128E-02
2.977000E+03,-4.739108E-01
2.977500E+03,-8.993351E-01
2.978000E+03,-1.292298E+00
2.978500E+03,-1.643748E+00
2.979000E+03,-1.947048E+00
2.979500E+03,-2.197263E+00
2.980000E+03,-2.390341E+00
2.980500E+03,-2.522455E+00
2.981000E+03,-2.589694E+00
2.981500E+03,-2.588225E+00
2.982000E+03,-2.514906E+00
2.982500E+03,-2.368248E+00
2.983000E+03,-2.149481E+00
2.983500E+03,-1.863494E+00
2.984000E+03,-1.519381E+00
2.984500E+03,-1.130427E+00
2.985000E+03,-7.134680E-01
2.985500E+03,-2.876664E-01
2.986000E+03,1.271165E-01
2.986500E+03,5.121154E-01
2.987000E+03,8.513391E-01
2.987500E+03,1.132879E+00
2.988000E+03,1.349658E+00
2.988500E+03,1.499539E+00
2.989000E+03,1.584803E+00
2.989500E+03,1.611131E+00
2.990000E+03,1.586272E+00
2.990500E+03,1.518628E+00
2.991000E+03,1.415969E+00
2.991500E+03,1.284464E+00
2.992000E+03,1.128137E+00
2.992500E+03,9.487994E-01
2.993000E+03,7.464316E-01
2.993500E+03,5.199345E-01
2.994000E+03,2.681265E-01
2.994500E+03,-9.158716E-03
2.995000E+03,-3.100282E-01
2.995500E+03,-6.296885E-01
2.996000E+03,-9.599369E-01
2.996500E+03,-1.289084E+00
2.997000E+03,-1.602372E+00
2.997500E+03,-1.882883E+00
2.998000E+03,-2.112902E+00
2.998500E+03,-2.275594E+00
2.999000E+03,-2.356830E+00
2.999500E+03,-2.346925E+00
3.000000E+03,-2.242055E+00
3.000500E+03,-2.045120E+00
3.001000E+03,-1.765879E+00
3.001500E+03,-1.420276E+00
3.002000E+03,-1.028988E+00
3.002500E+03,-6.153411E-01
3.003000E+03,-2.028558E-01
3.003500E+03,1.872639E-01
3.004000E+03,5.383373E-01
3.004500E+03,8.398005E-01
3.005000E+03,1.087954E+00
3.005500E+03,1.285757E+00
3.006000E+03,1.441711E+00
3.006500E+03,1.567992E+00
3.007000E+03,1.678125E+00
3.007500E+03,1.784548E+00
3.008000E+03,1.896394E+00
3.008500E+03,2.017824E+00
3.009000E+03,2.147115E+00
3.009500E+03,2.276598E+00
3.010000E+03,2.393444E+00
3.010500E+03,2.481157E+00
3.011000E+03,2.521576E+00
3.011500E+03,2.497122E+00
3.012000E+03,2.393031E+00
3.012500E+03,2.199326E+00
3.013000E+03,1.912330E+00
3.013500E+03,1.535573E+00
3.014000E+03,1.080019E+00
3.014500E+03,5.635924E-01
3.015000E+03,1.005973E-02
3.015500E+03,-5.526554E-01
3.016000E+03,-1.094568E+00
3.016500E+03,-1.585971E+00
3.017000E+03,-1.999808E+00
3.017500E+03,-2.313882E+00
3.018000E+03,-2.512682E+00
3.018500E+03,-2.588670E+00
3.019000E+03,-2.542893E+00
3.019500E+03,-2.384863E+00
3.020000E+03,-2.131718E+00
3.020500E+03,-1.806745E+00
3.021000E+03,-1.437426E+00
3.021500E+03,-1.053171E+00
3.022000E+03,-6.829677E-01
3.022500E+03,-3.531438E-01
3.023000E+03,-8.540871E-02
3.023500E+03,1.046821E-01
3.024000E+03,2.087552E-01
3.024500E+03,2.260918E-01
3.025000E+03,1.635336E-01
3.025500E+03,3.483355E-02
3.026000E+03,-1.405116E-01
3.026500E+03,-3.388922E-01
3.027000E+03,-5.345974E-01
3.027500E+03,-7.020905E-01
3.028000E+03,-8.183871E-01
3.028500E+03,-8.653358E-01
3.029000E+03,-8.315675E-01
3.029500E+03,-7.138728E-01
3.030000E+03,-5.177929E-01
3.030500E+03,-2.572758E-01
3.031000E+03,4.664455E-02
3.031500E+03,3.680614E-01
3.032000E+03,6.790749E-01
3.032500E+03,9.529967E-01
3.033000E+03,1.167461E+00
3.033500E+03,1.307005E+00
3.034000E+03,1.364744E+00
3.034500E+03,1.342876E+00
3.035000E+03,1.251942E+00
3.035500E+03,1.108939E+00
3.036000E+03,9.345786E-01
3.036500E+03,7.501291E-01
3.037000E+03,5.743221E-01
3.037500E+03,4.208214E-01
3.038000E+03,2.966308E-01
3.038500E+03,2.016720E-01
3.039000E+03,1.295593E-01
3.039500E+03,6.940246E-02
3.040000E+03,8.303797E-03
3.040500E+03,-6.589108E-02
3.041000E+03,-1.620549E-01
3.041500E+03,-2.838688E-01
3.042000E+03,-4.288391E-01
3.042500E+03,-5.883754E-01
3.043000E+03,-7.488894E-01
3.043500E+03,-8.937110E-01
3.044000E+03,-1.005500E+00
3.044500E+03,-1.068767E+00
3.045000E+03,-1.072119E+00
3.045500E+03,-1.009909E+00
3.046000E+03,-8.830702E-01
3.046500E+03,-6.990526E-01
3.047000E+03,-4.709110E-01
3.047500E+03,-2.157116E-01
3.048000E+03,4.748767E-02
3.048500E+03,2.997916E-01
3.049000E+03,5.244643E-01
3.049500E+03,7.085241E-01
3.050000E+03,8.437678E-01
3.050500E+03,9.271483E-01
3.051000E+03,9.605245E-01
3.051500E+03,9.498885E-01
3.052000E+03,9.042286E-01
3.052500E+03,8.342215E-01
3.053000E+03,7.509368E-01
3.053500E+03,6.647063E-01
3.054000E+03,5.842582E-01
3.054500E+03,5.161534E-01
3.055000E+03,4.645063E-01
3.055500E+03,4.309332E-01
3.056000E+03,4.146535E-01
3.056500E+03,4.126805E-01
3.057000E+03,4.200638E-01
3.057500E+03,4.301874E-01
3.058000E+03,4.351582E-01
3.058500E+03,4.263430E-01
3.059000E+03,3.950991E-01
3.059500E+03,3.337098E-01
3.060000E+03,2.364761E-01
3.060500E+03,1.008427E-01
3.061000E+03,-7.162232E-02
3.061500E+03,-2.746099E-01
3.062000E+03,-4.970195E-01
3.062500E+03,-7.236184E-01
3.063000E+03,-9.364458E-01
3.063500E+03,-1.116855E+00
3.064000E+03,-1.247952E+00
3.064500E+03,-1.317057E+00
3.065000E+03,-1.317792E+00
3.065500E+03,-1.251370E+00
3.066000E+03,-1.126811E+00
3.066500E+03,-9.599511E-01
3.067000E+03,-7.713331E-01
3.067500E+03,-5.832796E-01
3.068000E+03,-4.166190E-01
3.068500E+03,-2.876162E-01
3.069000E+03,-2.056488E-01
3.069500E+03,-1.720421E-01
3.070000E+03,-1.802698E-01
3.070500E+03,-2.174721E-01
3.071000E+03,-2.669940E-01
3.071500E+03,-3.114536E-01
3.072000E+03,-3.357539E-01
3.072500E+03,-3.294752E-01
3.073000E+03,-2.882207E-01
3.073500E+03,-2.137104E-01
3.074000E+03,-1.126802E-01
3.074500E+03,5.113320E-03
3.075000E+03,1.293054E-01
3.075500E+03,2.512064E-01
3.076000E+03,3.654595E-01
3.076500E+03,4.707298E-01
3.077000E+03,5.693132E-01
3.077500E+03,6.657960E-01
3.078000E+03,7.651108E-01
3.078500E+03,8.704623E-01
3.079000E+03,9.816200E-01
3.079500E+03,1.093983E+00
3.080000E+03,1.198646E+00
3.080500E+03,1.283463E+00
3.081000E+03,1.334899E+00
3.081500E+03,1.340272E+00
3.082000E+03,1.289926E+00
3.082500E+03,1.178898E+00
3.083000E+03,1.007765E+00
3.083500E+03,7.825352E-01
3.084000E+03,5.136760E-01
3.084500E+03,2.145303E-01
3.085000E+03,-1.005021E-01
3.085500E+03,-4.176189E-01
3.086000E+03,-7.247743E-01
3.086500E+03,-1.012154E+00
3.087000E+03,-1.271952E+00
3.087500E+03,-1.497610E+00
3.088000E+03,-1.682810E+00
3.088500E+03,-1.820563E+00
3.089000E+03,-1.902709E+00
3.089500E+03,-1.920054E+00
3.090000E+03,-1.863195E+00
3.090500E+03,-1.723944E+00
3.091000E+03,-1.497100E+00
3.091500E+03,-1.182237E+00
3.092000E+03,-7.851460E-01
3.092500E+03,-3.186320E-01
3.093000E+03,1.975457E-01
3.093500E+03,7.376385E-01
3.094000E+03,1.271695E+00
3.094500E+03,1.767953E+00
3.095000E+03,2.195546E+00
3.095500E+03,2.527185E+00
3.096000E+03,2.741519E+00
3.096500E+03,2.824924E+00
3.097000E+03,2.772540E+00
3.097500E+03,2.588510E+00
3.098000E+03,2.285414E+00
3.098500E+03,1.883009E+00
3.099000E+03,1.406411E+00
3.099500E+03,8.839101E-01
3.100000E+03,3.446383E-01
3.100500E+03,-1.837046E-01
3.101000E+03,-6.768460E-01
3.101500E+03,-1.115475E+00
3.102000E+03,-1.486170E+00
3.102500E+03,-1.781651E+00
3.103000E+03,-2.000341E+00
3.103500E+03,-2.145342E+00
3.104000E+03,-2.222992E+00
3.104500E+03,-2.241242E+00
3.105000E+03,-2.208112E+00
3.105500E+03,-2.130489E+00
3.106000E+03,-2.013454E+00
3.106500E+03,-1.860215E+00
3.107000E+03,-1.672646E+00
3.107500E+03,-1.452256E+00
3.108000E+03,-1.201360E+00
3.108500E+03,-9.241662E-01
3.109000E+03,-6.275099E-01
3.109500E+03,-3.210218E-01
3.110000E+03,-1.666321E-02
3.110500E+03,2.723279E-01
3.111000E+03,5.328937E-01
3.111500E+03,7.537439E-01
3.112000E+03,9.267672E-01
3.112500E+03,1.047993E+00
3.113000E+03,1.117923E+00
3.113500E+03,1.141175E+00
3.114000E+03,1.125536E+00
3.114500E+03,1.080623E+00
3.115000E+03,1.016432E+00
3.115500E+03,9.420613E-01
3.116000E+03,8.648240E-01
3.116500E+03,7.898902E-01
3.117000E+03,7.204367E-01
3.117500E+03,6.581837E-01
3.118000E+03,6.041047E-01
3.118500E+03,5.590695E-01
3.119000E+03,5.242137E-01
3.119500E+03,5.009146E-01
3.120000E+03,4.903718E-01
3.120500E+03,4.929086E-01
3.121000E+03,5.072010E-01
3.121500E+03,5.296791E-01
3.122000E+03,5.543229E-01
3.122500E+03,5.729923E-01
3.123000E+03,5.763088E-01
3.123500E+03,5.549786E-01
3.124000E+03,5.013291E-01
3.124500E+03,4.107701E-01
3.125000E+03,2.828851E-01
3.125500E+03,1.219221E-01
3.126000E+03,-6.343619E-02
3.126500E+03,-2.610023E-01
3.127000E+03,-4.565596E-01
3.127500E+03,-6.356274E-01
3.128000E+03,-7.852137E-01
3.128500E+03,-8.952709E-01
3.129000E+03,-9.596429E-01
3.129500E+03,-9.764077E-01
3.130000E+03,-9.476396E-01
3.130500E+03,-8.787275E-01
3.131000E+03,-7.774485E-01
3.131500E+03,-6.530130E-01
3.132000E+03,-5.152570E-01
3.132500E+03,-3.740789E-01
3.133000E+03,-2.391233E-01
3.133500E+03,-1.196283E-01
3.134000E+03,-2.429802E-02
3.134500E+03,3.894441E-02
3.135000E+03,6.342529E-02
3.135500E+03,4.443212E-02
3.136000E+03,-1.990809E-02
3.136500E+03,-1.277500E-01
3.137000E+03,-2.728725E-01
3.137500E+03,-4.444679E-01
3.138000E+03,-6.275489E-01
3.138500E+03,-8.040415E-01
3.139000E+03,-9.544971E-01
3.139500E+03,-1.060225E+00
3.140000E+03,-1.105537E+00
3.140500E+03,-1.079759E+00
3.141000E+03,-9.786507E-01
3.141500E+03,-8.050073E-01
3.142000E+03,-5.683142E-01
3.142500E+03,-2.835151E-01
3.143000E+03,3.089418E-02
3.143500E+03,3.551160E-01
3.144000E+03,6.702596E-01
3.144500E+03,9.601476E-01
3.145000E+03,1.212450E+00
3.145500E+03,1.419029E+00
3.146000E+03,1.575531E+00
3.146500E+03,1.680433E+00
3.147000E+03,1.733843E+00
3.147500E+03,1.736397E+00
3.148000E+03,1.688541E+00
3.148500E+03,1.590408E+00
3.149000E+03,1.442314E+00
3.149500E+03,1.245749E+00
3.150000E+03,1.004615E+00
3.150500E+03,7.263493E-01
3.151000E+03,4.226097E-01
3.151500E+03,1.092344E-01
3.152000E+03,-1.946467E-01
3.152500E+03,-4.683078E-01
3.153000E+03,-6.917112E-01
3.153500E+03,-8.480246E-01
3.154000E+03,-9.259449E-01
3.154500E+03,-9.214140E-01
3.155000E+03,-8.384076E-01
3.155500E+03,-6.886348E-01
3.156000E+03,-4.901767E-01
3.156500E+03,-2.652770E-01
3.157000E+03,-3.764229E-02
3.157500E+03,1.703188E-01
3.158000E+03,3.398916E-01
3.158500E+03,4.577501E-01
3.159000E+03,5.167549E-01
3.159500E+03,5.158300E-01
3.160000E+03,4.590572E-01
3.160500E+03,3.542489E-01
3.161000E+03,2.113222E-01
3.161500E+03,4.078531E-02
3.162000E+03,-1.474186E-01
3.162500E+03,-3.445832E-01
3.163000E+03,-5.434207E-01
3.163500E+03,-7.378589E-01
3.164000E+03,-9.226326E-01
3.164500E+03,-1.092861E+00
3.165000E+03,-1.243773E+00
3.165500E+03,-1.370680E+00
3.166000E+03,-1.469175E+00
3.166500E+03,-1.535510E+00
3.167000E+03,-1.566986E+00
3.167500E+03,-1.562248E+00
3.168000E+03,-1.521347E+00
3.168500E+03,-1.445553E+00
3.169000E+03,-1.336943E+00
3.169500E+03,-1.197894E+00
3.170000E+03,-1.030626E+00
3.170500E+03,-8.369492E-01
3.171000E+03,-6.183467E-01
3.171500E+03,-3.763910E-01
3.172000E+03,-1.134471E-01
3.172500E+03,1.665104E-01
3.173000E+03,4.571832E-01
3.173500E+03,7.495665E-01
3.174000E+03,1.032081E+00
3.174500E+03,1.291304E+00
3.175000E+03,1.513268E+00
3.175500E+03,1.685153E+00
3.176000E+03,1.797109E+00
3.176500E+03,1.843884E+00
3.177000E+03,1.825936E+00
3.177500E+03,1.749803E+00
3.178000E+03,1.627589E+00
3.178500E+03,1.475617E+00
3.179000E+03,1.312421E+00
3.179500E+03,1.156374E+00
3.180000E+03,1.023314E+00
3.180500E+03,9.245453E-01
3.181000E+03,8.654830E-01
3.181500E+03,8.451538E-01
3.182000E+03,8.565793E-01
3.182500E+03,8.879495E-01
3.183000E+03,9.243748E-01
3.183500E+03,9.499303E-01
3.184000E+03,9.496894E-01
3.184500E+03,9.114749E-01
3.185000E+03,8.271250E-01
3.185500E+03,6.931680E-01
3.186000E+03,5.108931E-01
3.186500E+03,2.858925E-01
3.187000E+03,2.720319E-02
3.187500E+03,-2.537899E-01
3.188000E+03,-5.445316E-01
3.188500E+03,-8.324184E-01
3.189000E+03,-1.105765E+00
3.189500E+03,-1.354548E+00
3.190000E+03,-1.570911E+00
3.190500E+03,-1.749412E+00
3.191000E+03,-1.887051E+00
3.191500E+03,-1.983099E+00
3.192000E+03,-2.038757E+00
3.192500E+03,-2.056712E+00
3.193000E+03,-2.040617E+00
3.193500E+03,-1.994553E+00
3.194000E+03,-1.922544E+00
3.194500E+03,-1.828142E+00
3.195000E+03,-1.714157E+00
3.195500E+03,-1.582524E+00
3.196000E+03,-1.434329E+00
3.196500E+03,-1.269969E+00
3.197000E+03,-1.089406E+00
3.197500E+03,-8.924767E-01
3.198000E+03,-6.792203E-01
3.198500E+03,-4.501749E-01
3.199000E+03,-2.066338E-01
3.199500E+03,4.915192E-02
3.200000E+03,3.138214E-01
3.200500E+03,5.827999E-01
3.201000E+03,8.502480E-01
3.201500E+03,1.109081E+00
3.202000E+03,1.351092E+00
3.202500E+03,1.567219E+00
3.203000E+03,1.747997E+00
3.203500E+03,1.884204E+00
3.204000E+03,1.967689E+00
3.204500E+03,1.992324E+00
3.205000E+03,1.954950E+00
3.205500E+03,1.856184E+00
3.206000E+03,1.700926E+00
3.206500E+03,1.498400E+00
3.207000E+03,1.261656E+00
3.207500E+03,1.006500E+00
3.208000E+03,7.499341E-01
3.208500E+03,5.082849E-01
3.209000E+03,2.952693E-01
3.209500E+03,1.202980E-01
3.210000E+03,-1.270046E-02
3.210500E+03,-1.057034E-01
3.211000E+03,-1.661488E-01
3.211500E+03,-2.056359E-01
3.212000E+03,-2.379354E-01
3.212500E+03,-2.765986E-01
3.213000E+03,-3.325407E-01
3.213500E+03,-4.119941E-01
3.214000E+03,-5.151870E-01
3.214500E+03,-6.359916E-01
3.215000E+03,-7.626324E-01
3.215500E+03,-8.793690E-01
3.216000E+03,-9.689003E-01
3.216500E+03,-1.015109E+00
3.217000E+03,-1.005700E+00
3.217500E+03,-9.343029E-01
3.218000E+03,-8.016797E-01
3.218500E+03,-6.158509E-01
3.219000E+03,-3.911133E-01
3.219500E+03,-1.461253E-01
3.220000E+03,9.861282E-02
3.220500E+03,3.234569E-01
3.221000E+03,5.120469E-01
3.221500E+03,6.530746E-01
3.222000E+03,7.411322E-01
3.222500E+03,7.765563E-01
3.223000E+03,7.643713E-01
3.223500E+03,7.125995E-01
3.224000E+03,6.303178E-01
3.224500E+03,5.258719E-01
3.225000E+03,4.056116E-01
3.225500E+03,2.733871E-01
3.226000E+03,1.308750E-01
3.226500E+03,-2.138199E-02
3.227000E+03,-1.825015E-01
3.227500E+03,-3.497351E-01
3.228000E+03,-5.172947E-01
3.228500E+03,-6.758740E-01
3.229000E+03,-8.130646E-01
3.229500E+03,-9.146816E-01
3.230000E+03,-9.668104E-01
3.230500E+03,-9.582235E-01
3.231000E+03,-8.827097E-01
3.231500E+03,-7.408494E-01
3.232000E+03,-5.408492E-01
3.232500E+03,-2.982139E-01
3.233000E+03,-3.423974E-02
3.233500E+03,2.264647E-01
3.234000E+03,4.590467E-01
3.234500E+03,6.415713E-01
3.235000E+03,7.577654E-01
3.235500E+03,7.989153E-01
3.236000E+03,7.646408E-01
3.236500E+03,6.624786E-01
3.237000E+03,5.064099E-01
3.237500E+03,3.146393E-01
3.238000E+03,1.070343E-01
3.238500E+03,-9.734663E-02
3.239000E+03,-2.822777E-01
3.239500E+03,-4.357011E-01
3.240000E+03,-5.502964E-01
3.240500E+03,-6.233540E-01
3.241000E+03,-6.561345E-01
3.241500E+03,-6.529536E-01
3.242000E+03,-6.202184E-01
3.242500E+03,-5.655822E-01
3.243000E+03,-4.972877E-01
3.243500E+03,-4.236818E-01
3.244000E+03,-3.528103E-01
3.244500E+03,-2.919860E-01
3.245000E+03,-2.472464E-01
3.245500E+03,-2.226873E-01
3.246000E+03,-2.197438E-01
3.246500E+03,-2.365675E-01
3.247000E+03,-2.676899E-01
3.247500E+03,-3.041523E-01
3.248000E+03,-3.342141E-01
3.248500E+03,-3.446405E-01
3.249000E+03,-3.224402E-01
3.249500E+03,-2.568026E-01
3.250000E+03,-1.409073E-01
3.250500E+03,2.673211E-02
3.251000E+03,2.416656E-01
3.251500E+03,4.937982E-01
3.252000E+03,7.685569E-01
3.252500E+03,1.048751E+00
3.253000E+03,1.316796E+00
3.253500E+03,1.556908E+00
3.254000E+03,1.756875E+00
3.254500E+03,1.909087E+00
3.255000E+03,2.010690E+00
3.255500E+03,2.062867E+00
3.256000E+03,2.069448E+00
3.256500E+03,2.035184E+00
3.257000E+03,1.964052E+00
3.257500E+03,1.857975E+00
3.258000E+03,1.716214E+00
3.258500E+03,1.535553E+00
3.259000E+03,1.311247E+00
3.259500E+03,1.038529E+00
3.260000E+03,7.143729E-01
3.260500E+03,3.391741E-01
3.261000E+03,-8.197376E-02
3.261500E+03,-5.386536E-01
3.262000E+03,-1.015269E+00
3.262500E+03,-1.491951E+00
3.263000E+03,-1.946108E+00
3.263500E+03,-2.354407E+00
3.264000E+03,-2.694925E+00
3.264500E+03,-2.949223E+00
3.265000E+03,-3.104102E+00
3.265500E+03,-3.152863E+00
3.266000E+03,-3.095940E+00
3.266500E+03,-2.940871E+00
3.267000E+03,-2.701579E+00
3.267500E+03,-2.397044E+00
3.268000E+03,-2.049463E+00
3.268500E+03,-1.682074E+00
3.269000E+03,-1.316855E+00
3.269500E+03,-9.723536E-01
3.270000E+03,-6.619070E-01
3.270500E+03,-3.925170E-01
3.271000E+03,-1.645572E-01
3.271500E+03,2.758911E-02
3.272000E+03,1.940050E-01
3.272500E+03,3.470197E-01
3.273000E+03,4.986141E-01
3.273500E+03,6.578697E-01
3.274000E+03,8.289017E-01
3.274500E+03,1.009669E+00
3.275000E+03,1.191921E+00
3.275500E+03,1.362343E+00
3.276000E+03,1.504767E+00
3.276500E+03,1.603080E+00
3.277000E+03,1.644336E+00
3.277500E+03,1.621508E+00
3.278000E+03,1.535369E+00
3.278500E+03,1.395119E+00
3.279000E+03,1.217600E+00
3.279500E+03,1.025210E+00
3.280000E+03,8.428246E-01
3.280500E+03,6.942577E-01
3.281000E+03,5.988288E-01
3.281500E+03,5.686131E-01
3.282000E+03,6.067941E-01
3.282500E+03,7.073487E-01
3.283000E+03,8.560521E-01
3.283500E+03,1.032572E+00
3.284000E+03,1.213252E+00
3.284500E+03,1.374114E+00
3.285000E+03,1.493601E+00
3.285500E+03,1.554709E+00
3.286000E+03,1.546273E+00
3.286500E+03,1.463367E+00
3.287000E+03,1.306933E+00
3.287500E+03,1.082839E+00
3.288000E+03,8.006488E-01
3.288500E+03,4.723447E-01
3.289000E+03,1.111970E-01
3.289500E+03,-2.691217E-01
3.290000E+03,-6.551608E-01
3.290500E+03,-1.034109E+00
3.291000E+03,-1.394089E+00
3.291500E+03,-1.724408E+00
3.292000E+03,-2.015815E+00
3.292500E+03,-2.260761E+00
3.293000E+03,-2.453623E+00
3.293500E+03,-2.590841E+00
3.294000E+03,-2.670896E+00
3.294500E+03,-2.694112E+00
3.295000E+03,-2.662300E+00
3.295500E+03,-2.578293E+00
3.296000E+03,-2.445490E+00
3.296500E+03,-2.267485E+00
3.297000E+03,-2.047892E+00
3.297500E+03,-1.790388E+00
3.298000E+03,-1.498969E+00
3.298500E+03,-1.178346E+00
3.299000E+03,-8.343648E-01
3.299500E+03,-4.743367E-01
3.300000E+03,-1.071574E-01
3.300500E+03,2.568511E-01
3.301000E+03,6.063924E-01
3.301500E+03,9.298989E-01
3.302000E+03,1.216399E+00
3.302500E+03,1.456433E+00
3.303000E+03,1.642892E+00
3.303500E+03,1.771691E+00
3.304000E+03,1.842188E+00
3.304500E+03,1.857323E+00
3.305000E+03,1.823468E+00
3.305500E+03,1.749997E+00
3.306000E+03,1.648605E+00
3.306500E+03,1.532407E+00
3.307000E+03,1.414853E+00
3.307500E+03,1.308506E+00
3.308000E+03,1.223773E+00
3.308500E+03,1.167684E+00
3.309000E+03,1.142861E+00
3.309500E+03,1.146854E+00
3.310000E+03,1.171974E+00
3.310500E+03,1.205768E+00
3.311000E+03,1.232175E+00
3.311500E+03,1.233301E+00
3.312000E+03,1.191659E+00
3.312500E+03,1.092602E+00
3.313000E+03,9.266033E-01
3.313500E+03,6.910250E-01
3.314000E+03,3.910734E-01
3.314500E+03,3.972531E-02
3.315000E+03,-3.434169E-01
3.315500E+03,-7.342209E-01
3.316000E+03,-1.106785E+00
3.316500E+03,-1.436464E+00
3.317000E+03,-1.702711E+00
3.317500E+03,-1.891312E+00
3.318000E+03,-1.995719E+00
3.318500E+03,-2.017299E+00
3.319000E+03,-1.964548E+00
3.319500E+03,-1.851447E+00
3.320000E+03,-1.695290E+00
3.320500E+03,-1.514342E+00
3.321000E+03,-1.325695E+00
3.321500E+03,-1.143598E+00
3.322000E+03,-9.784214E-01
3.322500E+03,-8.362708E-01
3.323000E+03,-7.191680E-01
3.323500E+03,-6.256210E-01
3.324000E+03,-5.513922E-01
3.324500E+03,-4.902979E-01
3.325000E+03,-4.349337E-01
3.325500E+03,-3.773000E-01
3.326000E+03,-3.093695E-01
3.326500E+03,-2.236715E-01
3.327000E+03,-1.139661E-01
3.327500E+03,2.396528E-02
3.328000E+03,1.914620E-01
3.328500E+03,3.861798E-01
3.329000E+03,6.015240E-01
3.329500E+03,8.265194E-01
3.330000E+03,1.046283E+00
3.330500E+03,1.243177E+00
3.331000E+03,1.398607E+00
3.331500E+03,1.495276E+00
3.332000E+03,1.519607E+00
3.332500E+03,1.463959E+00
3.333000E+03,1.328256E+00
3.333500E+03,1.120715E+00
3.334000E+03,8.574698E-01
3.334500E+03,5.610853E-01
3.335000E+03,2.581196E-01
3.335500E+03,-2.394139E-02
3.336000E+03,-2.599333E-01
3.336500E+03,-4.299732E-01
3.337000E+03,-5.216968E-01
3.337500E+03,-5.314564E-01
3.338000E+03,-4.643335E-01
3.338500E+03,-3.330110E-01
3.339000E+03,-1.557271E-01
3.339500E+03,4.633130E-02
3.340000E+03,2.517675E-01
3.340500E+03,4.414291E-01
3.341000E+03,6.002357E-01
3.341500E+03,7.181728E-01
3.342000E+03,7.904071E-01
3.342500E+03,8.166342E-01
3.343000E+03,7.998971E-01
3.343500E+03,7.451855E-01
3.344000E+03,6.581337E-01
3.344500E+03,5.440776E-01
3.345000E+03,4.076270E-01
3.345500E+03,2.527753E-01
3.346000E+03,8.343954E-02
3.346500E+03,-9.578141E-02
3.347000E+03,-2.788959E-01
3.347500E+03,-4.581155E-01
3.348000E+03,-6.239523E-01
3.348500E+03,-7.658998E-01
3.349000E+03,-8.736465E-01
3.349500E+03,-9.386367E-01
3.350000E+03,-9.556979E-01
3.350500E+03,-9.244047E-01
3.351000E+03,-8.498711E-01
3.351500E+03,-7.427448E-01
3.352000E+03,-6.183128E-01
3.352500E+03,-4.947843E-01
3.353000E+03,-3.909733E-01
3.353500E+03,-3.237241E-01
3.354000E+03,-3.054811E-01
3.354500E+03,-3.423978E-01
3.355000E+03,-4.332956E-01
3.355500E+03,-5.696466E-01
3.356000E+03,-7.365865E-01
3.356500E+03,-9.147942E-01
3.357000E+03,-1.082937E+00
3.357500E+03,-1.220304E+00
3.358000E+03,-1.309225E+00
3.358500E+03,-1.336951E+00
3.359000E+03,-1.296751E+00
3.359500E+03,-1.188154E+00
3.360000E+03,-1.016383E+00
3.360500E+03,-7.911614E-01
3.361000E+03,-5.251502E-01
3.361500E+03,-2.322818E-01
3.362000E+03,7.375221E-02
3.362500E+03,3.806827E-01
3.363000E+03,6.784198E-01
3.363500E+03,9.593756E-01
3.364000E+03,1.218410E+00
3.364500E+03,1.452503E+00
3.365000E+03,1.660254E+00
3.365500E+03,1.841307E+00
3.366000E+03,1.995769E+00
3.366500E+03,2.123665E+00
3.367000E+03,2.224449E+00
3.367500E+03,2.296609E+00
3.368000E+03,2.337399E+00
3.368500E+03,2.342747E+00
3.369000E+03,2.307406E+00
3.369500E+03,2.225382E+00
3.370000E+03,2.090671E+00
3.370500E+03,1.898252E+00
3.371000E+03,1.645220E+00
3.371500E+03,1.331925E+00
3.372000E+03,9.628752E-01
3.372500E+03,5.472344E-01
3.373000E+03,9.873308E-02
3.373500E+03,-3.650631E-01
3.374000E+03,-8.240950E-01
3.374500E+03,-1.257601E+00
3.375000E+03,-1.646103E+00
3.375500E+03,-1.973285E+00
3.376000E+03,-2.227464E+00
3.376500E+03,-2.402417E+00
3.377000E+03,-2.497465E+00
3.377500E+03,-2.516825E+00
3.378000E+03,-2.468399E+00
3.378500E+03,-2.362274E+00
3.379000E+03,-2.209224E+00
3.379500E+03,-2.019504E+00
3.380000E+03,-1.802136E+00
3.380500E+03,-1.564746E+00
3.381000E+03,-1.313882E+00
3.381500E+03,-1.055629E+00
3.382000E+03,-7.962599E-01
3.382500E+03,-5.426653E-01
3.383000E+03,-3.023779E-01
3.383500E+03,-8.310888E-02
3.384000E+03,1.081314E-01
3.384500E+03,2.661393E-01
3.385000E+03,3.885749E-01
3.385500E+03,4.766771E-01
3.386000E+03,5.354021E-01
3.386500E+03,5.728646E-01
3.387000E+03,5.991158E-01
3.387500E+03,6.244460E-01
3.388000E+03,6.575182E-01
3.388500E+03,7.036959E-01
3.389000E+03,7.639067E-01
3.389500E+03,8.342905E-01
3.390000E+03,9.067274E-01
3.390500E+03,9.701732E-01
3.391000E+03,1.012567E+00
3.391500E+03,1.022968E+00
3.392000E+03,9.935334E-01
3.392500E+03,9.209847E-01
3.393000E+03,8.073198E-01
3.393500E+03,6.596582E-01
3.394000E+03,4.892843E-01
3.394500E+03,3.100818E-01
3.395000E+03,1.366527E-01
3.395500E+03,-1.755648E-02
3.396000E+03,-1.418242E-01
3.396500E+03,-2.292046E-01
3.397000E+03,-2.769525E-01
3.397500E+03,-2.863344E-01
3.398000E+03,-2.619299E-01
3.398500E+03,-2.105999E-01
3.399000E+03,-1.403159E-01
3.399500E+03,-5.903755E-02
3.400000E+03,2.621795E-02
3.400500E+03,1.100229E-01
3.401000E+03,1.888663E-01
3.401500E+03,2.611699E-01
3.402000E+03,3.270334E-01
3.402500E+03,3.877658E-01
3.403000E+03,4.452716E-01
3.403500E+03,5.013629E-01
3.404000E+03,5.570756E-01
3.404500E+03,6.120709E-01
3.405000E+03,6.642084E-01
3.405500E+03,7.093712E-01
3.406000E+03,7.416033E-01
3.406500E+03,7.535882E-01
3.407000E+03,7.374454E-01
3.407500E+03,6.857676E-01
3.408000E+03,5.927645E-01
3.408500E+03,4.553420E-01
3.409000E+03,2.739381E-01
3.409500E+03,5.295490E-02
3.410000E+03,-1.993134E-01
3.410500E+03,-4.712747E-01
3.411000E+03,-7.490857E-01
3.411500E+03,-1.017997E+00
3.412000E+03,-1.263792E+00
3.412500E+03,-1.474088E+00
3.413000E+03,-1.639330E+00
3.413500E+03,-1.753319E+00
3.414000E+03,-1.813276E+00
3.414500E+03,-1.819481E+00
3.415000E+03,-1.774630E+00
3.415500E+03,-1.683090E+00
3.416000E+03,-1.550234E+00
3.416500E+03,-1.381977E+00
3.417000E+03,-1.184577E+00
3.417500E+03,-9.646814E-01
3.418000E+03,-7.295090E-01
3.418500E+03,-4.870260E-01
3.419000E+03,-2.459726E-01
3.419500E+03,-1.562625E-02
3.420000E+03,1.947355E-01
3.420500E+03,3.766249E-01
3.421000E+03,5.232619E-01
3.421500E+03,6.304439E-01
3.422000E+03,6.971791E-01
3.422500E+03,7.259310E-01
3.423000E+03,7.223900E-01
3.423500E+03,6.947836E-01
3.424000E+03,6.528253E-01
3.424500E+03,6.064758E-01
3.425000E+03,5.647239E-01
3.425500E+03,5.345846E-01
3.426000E+03,5.204601E-01
3.426500E+03,5.239352E-01
3.427000E+03,5.439858E-01
3.427500E+03,5.775096E-01
3.428000E+03,6.200351E-01
3.428500E+03,6.664555E-01
3.429000E+03,7.116607E-01
3.429500E+03,7.509884E-01
3.430000E+03,7.804813E-01
3.430500E+03,7.969935E-01
3.431000E+03,7.982211E-01
3.431500E+03,7.827420E-01
3.432000E+03,7.501202E-01
3.432500E+03,7.010868E-01
3.433000E+03,6.377559E-01
3.433500E+03,5.637901E-01
3.434000E+03,4.844106E-01
3.434500E+03,4.061589E-01
3.435000E+03,3.363617E-01
3.435500E+03,2.823131E-01
3.436000E+03,2.502650E-01
3.436500E+03,2.443731E-01
3.437000E+03,2.657848E-01
3.437500E+03,3.120487E-01
3.438000E+03,3.769840E-01
3.438500E+03,4.510747E-01
3.439000E+03,5.223610E-01
3.439500E+03,5.777126E-01
3.440000E+03,6.042991E-01
3.440500E+03,5.910407E-01
3.441000E+03,5.298287E-01
3.441500E+03,4.163537E-01
3.442000E+03,2.504535E-01
3.442500E+03,3.597725E-02
3.443000E+03,-2.197551E-01
3.443500E+03,-5.067659E-01
3.444000E+03,-8.133455E-01
3.444500E+03,-1.126943E+00
3.445000E+03,-1.434915E+00
3.445500E+03,-1.725071E+00
3.446000E+03,-1.986035E+00
3.446500E+03,-2.207464E+00
3.447000E+03,-2.380208E+00
3.447500E+03,-2.496483E+00
3.448000E+03,-2.550113E+00
3.448500E+03,-2.536857E+00
3.449000E+03,-2.454773E+00
3.449500E+03,-2.304568E+00
3.450000E+03,-2.089833E+00
3.450500E+03,-1.817084E+00
3.451000E+03,-1.495556E+00
3.451500E+03,-1.136717E+00
3.452000E+03,-7.535572E-01
3.452500E+03,-3.597024E-01
3.453000E+03,3.151741E-02
3.453500E+03,4.079461E-01
3.454000E+03,7.593097E-01
3.454500E+03,1.077679E+00
3.455000E+03,1.357645E+00
3.455500E+03,1.596222E+00
3.456000E+03,1.792500E+00
3.456500E+03,1.947149E+00
3.457000E+03,2.061833E+00
3.457500E+03,2.138631E+00
3.458000E+03,2.179540E+00
3.458500E+03,2.186109E+00
3.459000E+03,2.159230E+00
3.459500E+03,2.099103E+00
3.460000E+03,2.005368E+00
3.460500E+03,1.877360E+00
3.461000E+03,1.714487E+00
3.461500E+03,1.516660E+00
3.462000E+03,1.284739E+00
3.462500E+03,1.020951E+00
3.463000E+03,7.292101E-01
3.463500E+03,4.153159E-01
3.464000E+03,8.696262E-02
3.464500E+03,-2.464382E-01
3.465000E+03,-5.741359E-01
3.465500E+03,-8.845871E-01
3.466000E+03,-1.166123E+00
3.466500E+03,-1.407663E+00
3.467000E+03,-1.599409E+00
3.467500E+03,-1.733430E+00
3.468000E+03,-1.804106E+00
3.468500E+03,-1.808385E+00
3.469000E+03,-1.745868E+00
3.469500E+03,-1.618758E+00
3.470000E+03,-1.431709E+00
3.470500E+03,-1.191638E+00
3.471000E+03,-9.075203E-01
3.471500E+03,-5.901818E-01
3.472000E+03,-2.520629E-01
3.472500E+03,9.310924E-02
3.473000E+03,4.307961E-01
3.473500E+03,7.463290E-01
3.474000E+03,1.025809E+00
3.474500E+03,1.257187E+00
3.475000E+03,1.431409E+00
3.475500E+03,1.543474E+00
3.476000E+03,1.593174E+00
3.476500E+03,1.585350E+00
3.477000E+03,1.529479E+00
3.477500E+03,1.438555E+00
3.478000E+03,1.327324E+00
3.478500E+03,1.210064E+00
3.479000E+03,1.098247E+00
3.479500E+03,9.984448E-01
3.480000E+03,9.109039E-01
3.480500E+03,8.290849E-01
3.481000E+03,7.403684E-01
3.481500E+03,6.279091E-01
3.482000E+03,4.734223E-01
3.482500E+03,2.604952E-01
3.483000E+03,-2.210751E-02
3.483500E+03,-3.777153E-01
3.484000E+03,-8.001001E-01
3.484500E+03,-1.273240E+00
3.485000E+03,-1.772604E+00
3.485500E+03,-2.267789E+00
3.486000E+03,-2.726122E+00
3.486500E+03,-3.116629E+00
3.487000E+03,-3.413739E+00
3.487500E+03,-3.600113E+00
3.488000E+03,-3.668154E+00
3.488500E+03,-3.620009E+00
3.489000E+03,-3.466120E+00
3.489500E+03,-3.222677E+00
3.490000E+03,-2.908483E+00
3.490500E+03,-2.541843E+00
3.491000E+03,-2.138042E+00
3.491500E+03,-1.707834E+00
3.492000E+03,-1.257147E+00
3.492500E+03,-7.879436E-01
3.493000E+03,-2.999576E-01
3.493500E+03,2.071406E-01
3.494000E+03,7.316496E-01
3.494500E+03,1.268272E+00
3.495000E+03,1.807391E+00
3.495500E+03,2.335312E+00
3.496000E+03,2.835367E+00
3.496500E+03,3.289623E+00
3.497000E+03,3.680810E+00
3.497500E+03,3.994098E+00
3.498000E+03,4.218394E+00
3.498500E+03,4.346980E+00
3.499000E+03,4.377491E+00
3.499500E+03,4.311353E+00
3.500000E+03,4.152929E+00
3.500500E+03,3.908639E+00
3.501000E+03,3.586283E+00
3.501500E+03,3.194695E+00
3.502000E+03,2.743729E+00
3.502500E+03,2.244460E+00
3.503000E+03,1.709403E+00
3.503500E+03,1.152537E+00
3.504000E+03,5.889825E-01
3.504500E+03,3.426730E-02
3.505000E+03,-4.967409E-01
3.505500E+03,-9.910479E-01
3.506000E+03,-1.438629E+00
3.506500E+03,-1.833143E+00
3.507000E+03,-2.172061E+00
3.507500E+03,-2.456137E+00
3.508000E+03,-2.688297E+00
3.508500E+03,-2.872179E+00
3.509000E+03,-3.010632E+00
3.509500E+03,-3.104541E+00
3.510000E+03,-3.152263E+00
3.510500E+03,-3.149833E+00
3.511000E+03,-3.091940E+00
3.511500E+03,-2.973470E+00
3.512000E+03,-2.791297E+00
3.512500E+03,-2.545920E+00
3.513000E+03,-2.242565E+00
3.513500E+03,-1.891489E+00
3.514000E+03,-1.507382E+00
3.514500E+03,-1.107953E+00
3.515000E+03,-7.119744E-01
3.515500E+03,-3.371554E-01
3.516000E+03,1.755024E-03
3.516500E+03,2.942862E-01
3.517000E+03,5.347861E-01
3.517500E+03,7.221548E-01
3.518000E+03,8.589172E-01
3.518500E+03,9.499152E-01
3.519000E+03,1.000957E+00
3.519500E+03,1.017738E+00
3.520000E+03,1.005242E+00
3.520500E+03,9.676988E-01
3.521000E+03,9.089880E-01
3.521500E+03,8.332941E-01
3.522000E+03,7.457147E-01
3.522500E+03,6.525696E-01
3.523000E+03,5.612308E-01
3.523500E+03,4.794430E-01
3.524000E+03,4.142500E-01
3.524500E+03,3.707770E-01
3.525000E+03,3.511793E-01
3.525500E+03,3.540589E-01
3.526000E+03,3.745567E-01
3.526500E+03,4.051787E-01
3.527000E+03,4.372381E-01
3.527500E+03,4.626404E-01
3.528000E+03,4.756380E-01
3.528500E+03,4.741626E-01
3.529000E+03,4.604168E-01
3.529500E+03,4.405520E-01
3.530000E+03,4.234505E-01
3.530500E+03,4.188253E-01
3.531000E+03,4.350019E-01
3.531500E+03,4.768257E-01
3.532000E+03,5.441287E-01
3.532500E+03,6.310816E-01
3.533000E+03,7.265944E-01
3.533500E+03,8.157212E-01
3.534000E+03,8.818376E-01
3.534500E+03,9.092125E-01
3.535000E+03,8.855300E-01
3.535500E+03,8.039329E-01
3.536000E+03,6.642554E-01
3.536500E+03,4.732649E-01
3.537000E+03,2.439057E-01
3.537500E+03,-6.298899E-03
3.538000E+03,-2.574087E-01
3.538500E+03,-4.894496E-01
3.539000E+03,-6.846790E-01
3.539500E+03,-8.294480E-01
3.540000E+03,-9.154698E-01
3.540500E+03,-9.404116E-01
3.541000E+03,-9.078266E-01
3.541500E+03,-8.265191E-01
3.542000E+03,-7.094793E-01
3.542500E+03,-5.725369E-01
3.543000E+03,-4.328723E-01
3.543500E+03,-3.074992E-01
3.544000E+03,-2.118118E-01
3.544500E+03,-1.582713E-01
3.545000E+03,-1.552999E-01
3.545500E+03,-2.064553E-01
3.546000E+03,-3.099578E-01
3.546500E+03,-4.586383E-01
3.547000E+03,-6.403588E-01
3.547500E+03,-8.389172E-01
3.548000E+03,-1.035402E+00
3.548500E+03,-1.209897E+00
3.549000E+03,-1.343394E+00
3.549500E+03,-1.419700E+00
3.550000E+03,-1.427147E+00
3.550500E+03,-1.359876E+00
3.551000E+03,-1.218551E+00
3.551500E+03,-1.010391E+00
3.552000E+03,-7.485032E-01
3.552500E+03,-4.505903E-01
3.553000E+03,-1.371664E-01
3.553500E+03,1.705081E-01
3.554000E+03,4.525468E-01
3.554500E+03,6.923763E-01
3.555000E+03,8.782888E-01
3.555500E+03,1.004449E+00
3.556000E+03,1.071268E+00
3.556500E+03,1.085119E+00
3.557000E+03,1.057459E+00
3.557500E+03,1.003450E+00
3.558000E+03,9.402515E-01
3.558500E+03,8.851624E-01
3.559000E+03,8.537928E-01
3.559500E+03,8.584431E-01
3.560000E+03,9.068298E-01
3.560500E+03,1.001257E+00
3.561000E+03,1.138289E+00
3.561500E+03,1.308927E+00
3.562000E+03,1.499258E+00
3.562500E+03,1.691517E+00
3.563000E+03,1.865455E+00
3.563500E+03,1.999936E+00
3.564000E+03,2.074636E+00
3.564500E+03,2.071742E+00
3.565000E+03,1.977532E+00
3.565500E+03,1.783733E+00
3.566000E+03,1.488536E+00
3.566500E+03,1.097169E+00
3.567000E+03,6.219340E-01
3.567500E+03,8.165923E-02
3.568000E+03,-4.994540E-01
3.568500E+03,-1.093528E+00
3.569000E+03,-1.671134E+00
3.569500E+03,-2.203644E+00
3.570000E+03,-2.665585E+00
3.570500E+03,-3.036691E+00
3.571000E+03,-3.303435E+00
3.571500E+03,-3.459811E+00
3.572000E+03,-3.507275E+00
3.572500E+03,-3.453857E+00
3.573000E+03,-3.312581E+00
3.573500E+03,-3.099452E+00
3.574000E+03,-2.831318E+00
3.574500E+03,-2.523947E+00
3.575000E+03,-2.190599E+00
3.575500E+03,-1.841286E+00
3.576000E+03,-1.482754E+00
3.576500E+03,-1.119114E+00
3.577000E+03,-7.528910E-01
3.577500E+03,-3.862078E-01
3.578000E+03,-2.180854E-02
3.578500E+03,3.363226E-01
3.579000E+03,6.828788E-01
3.579500E+03,1.011675E+00
3.580000E+03,1.316482E+00
3.580500E+03,1.591996E+00
3.581000E+03,1.834684E+00
3.581500E+03,2.043236E+00
3.582000E+03,2.218470E+00
3.582500E+03,2.362696E+00
3.583000E+03,2.478638E+00
3.583500E+03,2.568195E+00
3.584000E+03,2.631356E+00
3.584500E+03,2.665570E+00
3.585000E+03,2.665795E+00
3.585500E+03,2.625312E+00
3.586000E+03,2.537179E+00
3.586500E+03,2.396065E+00
3.587000E+03,2.200078E+00
3.587500E+03,1.952166E+00
3.588000E+03,1.660730E+00
3.588500E+03,1.339220E+00
3.589000E+03,1.004718E+00
3.589500E+03,6.756721E-01
3.590000E+03,3.691834E-01
3.590500E+03,9.833623E-02
3.591000E+03,-1.299153E-01
3.591500E+03,-3.158693E-01
3.592000E+03,-4.669509E-01
3.592500E+03,-5.963084E-01
3.593000E+03,-7.203411E-01
3.593500E+03,-8.555728E-01
3.594000E+03,-1.015411E+00
3.594500E+03,-1.207363E+00
3.595000E+03,-1.431201E+00
3.595500E+03,-1.678406E+00
3.596000E+03,-1.932995E+00
3.596500E+03,-2.173604E+00
3.597000E+03,-2.376483E+00
3.597500E+03,-2.518920E+00
3.598000E+03,-2.582545E+00
3.598500E+03,-2.556003E+00
3.599000E+03,-2.436598E+00
3.599500E+03,-2.230681E+00
3.600000E+03,-1.952766E+00
3.600500E+03,-1.623535E+00
3.601000E+03,-1.267074E+00
3.601500E+03,-9.077699E-01
3.602000E+03,-5.673211E-01
3.602500E+03,-2.623045E-01
3.603000E+03,-2.617499E-03
3.603500E+03,2.090089E-01
3.604000E+03,3.763976E-01
3.604500E+03,5.083446E-01
3.605000E+03,6.163375E-01
3.605500E+03,7.119441E-01
3.606000E+03,8.042847E-01
3.606500E+03,8.979921E-01
3.607000E+03,9.919934E-01
3.607500E+03,1.079326E+00
3.608000E+03,1.148048E+00
3.608500E+03,1.183125E+00
3.609000E+03,1.169036E+00
3.609500E+03,1.092693E+00
3.610000E+03,9.462263E-01
3.610500E+03,7.291749E-01
3.611000E+03,4.497083E-01
3.611500E+03,1.246439E-01
3.612000E+03,-2.217935E-01
3.612500E+03,-5.603254E-01
3.613000E+03,-8.597677E-01
3.613500E+03,-1.090526E+00
3.614000E+03,-1.227943E+00
3.614500E+03,-1.255030E+00
3.615000E+03,-1.164222E+00
3.615500E+03,-9.579615E-01
3.616000E+03,-6.481103E-01
3.616500E+03,-2.543465E-01
3.617000E+03,1.981234E-01
3.617500E+03,6.811647E-01
3.618000E+03,1.166238E+00
3.618500E+03,1.626532E+00
3.619000E+03,2.038506E+00
3.619500E+03,2.382790E+00
3.620000E+03,2.644504E+00
3.620500E+03,2.813162E+00
3.621000E+03,2.882365E+00
3.621500E+03,2.849469E+00
3.622000E+03,2.715356E+00
3.622500E+03,2.484345E+00
3.623000E+03,2.164211E+00
3.623500E+03,1.766195E+00
3.624000E+03,1.304871E+00
3.624500E+03,7.977587E-01
3.625000E+03,2.646184E-01
3.625500E+03,-2.735592E-01
3.626000E+03,-7.957767E-01
3.626500E+03,-1.282317E+00
3.627000E+03,-1.715924E+00
3.627500E+03,-2.082715E+00
3.628000E+03,-2.372729E+00
3.628500E+03,-2.580072E+00
3.629000E+03,-2.702698E+00
3.629500E+03,-2.741956E+00
3.630000E+03,-2.702007E+00
3.630500E+03,-2.589265E+00
3.631000E+03,-2.411958E+00
3.631500E+03,-2.179820E+00
3.632000E+03,-1.903908E+00
3.632500E+03,-1.596451E+00
3.633000E+03,-1.270623E+00
3.633500E+03,-9.401411E-01
3.634000E+03,-6.186482E-01
3.634500E+03,-3.188738E-01
3.635000E+03,-5.166620E-02
3.635500E+03,1.749665E-01
3.636000E+03,3.566327E-01
3.636500E+03,4.929808E-01
3.637000E+03,5.876456E-01
3.637500E+03,6.476621E-01
3.638000E+03,6.823885E-01
3.638500E+03,7.020638E-01
3.639000E+03,7.162028E-01
3.639500E+03,7.320695E-01
3.640000E+03,7.534688E-01
3.640500E+03,7.800602E-01
3.641000E+03,8.073208E-01
3.641500E+03,8.271895E-01
3.642000E+03,8.293262E-01
3.642500E+03,8.028209E-01
3.643000E+03,7.381217E-01
3.643500E+03,6.289073E-01
3.644000E+03,4.736301E-01
3.644500E+03,2.764893E-01
3.645000E+03,4.766260E-02
3.645500E+03,-1.972797E-01
3.646000E+03,-4.387483E-01
3.646500E+03,-6.551536E-01
3.647000E+03,-8.253321E-01
3.647500E+03,-9.310733E-01
3.648000E+03,-9.594079E-01
3.648500E+03,-9.043343E-01
3.649000E+03,-7.677250E-01
3.649500E+03,-5.592582E-01
3.650000E+03,-2.953582E-01
3.650500E+03,2.725948E-03
3.651000E+03,3.114409E-01
3.651500E+03,6.076877E-01
3.652000E+03,8.714135E-01
3.652500E+03,1.087656E+00
3.653000E+03,1.247746E+00
3.653500E+03,1.349509E+00
3.654000E+03,1.396486E+00
3.654500E+03,1.396351E+00
3.655000E+03,1.358841E+00
3.655500E+03,1.293597E+00
3.656000E+03,1.208313E+00
3.656500E+03,1.107527E+00
3.657000E+03,9.922398E-01
3.657500E+03,8.604116E-01
3.658000E+03,7.081781E-01
3.658500E+03,5.315178E-01
3.659000E+03,3.280091E-01
3.659500E+03,9.830731E-02
3.660000E+03,-1.529590E-01
3.660500E+03,-4.170533E-01
3.661000E+03,-6.817847E-01
3.661500E+03,-9.328220E-01
3.662000E+03,-1.155422E+00
3.662500E+03,-1.336255E+00
3.663000E+03,-1.465015E+00
3.663500E+03,-1.535553E+00
3.664000E+03,-1.546386E+00
3.664500E+03,-1.500550E+00
3.665000E+03,-1.404894E+00
3.665500E+03,-1.268980E+00
3.666000E+03,-1.103825E+00
3.666500E+03,-9.206828E-01
3.667000E+03,-7.300470E-01
3.667500E+03,-5.409546E-01
3.668000E+03,-3.606223E-01
3.668500E+03,-1.943589E-01
3.669000E+03,-4.567142E-02
3.669500E+03,8.352900E-02
3.670000E+03,1.926976E-01
3.670500E+03,2.824457E-01
3.671000E+03,3.543538E-01
3.671500E+03,4.107873E-01
3.672000E+03,4.546816E-01
3.672500E+03,4.892739E-01
3.673000E+03,5.177813E-01
3.673500E+03,5.430521E-01
3.674000E+03,5.672406E-01
3.674500E+03,5.915623E-01
3.675000E+03,6.161782E-01
3.675500E+03,6.402310E-01
3.676000E+03,6.620203E-01
3.676500E+03,6.792738E-01
3.677000E+03,6.894478E-01
3.677500E+03,6.899902E-01
3.678000E+03,6.785157E-01
3.678500E+03,6.528771E-01
3.679000E+03,6.111553E-01
3.679500E+03,5.516246E-01
3.680000E+03,4.727651E-01
3.680500E+03,3.733865E-01
3.681000E+03,2.528975E-01
3.681500E+03,1.117062E-01
3.682000E+03,-4.831464E-02
3.682500E+03,-2.234046E-01
3.683000E+03,-4.076614E-01
3.683500E+03,-5.930688E-01
3.684000E+03,-7.698750E-01
3.684500E+03,-9.273268E-01
3.685000E+03,-1.054687E+00
3.685500E+03,-1.142399E+00
3.686000E+03,-1.183220E+00
3.686500E+03,-1.173144E+00
3.687000E+03,-1.111960E+00
3.687500E+03,-1.003365E+00
3.688000E+03,-8.546206E-01
3.688500E+03,-6.758253E-01
3.689000E+03,-4.789353E-01
3.689500E+03,-2.766879E-01
3.690000E+03,-8.157802E-02
3.690500E+03,9.500056E-02
3.691000E+03,2.433976E-01
3.691500E+03,3.561355E-01
3.692000E+03,4.281746E-01
3.692500E+03,4.570778E-01
3.693000E+03,4.431277E-01
3.693500E+03,3.894106E-01
3.694000E+03,3.018342E-01
3.694500E+03,1.890075E-01
3.695000E+03,6.188975E-02
3.695500E+03,-6.686535E-02
3.696000E+03,-1.838949E-01
3.696500E+03,-2.763908E-01
3.697000E+03,-3.335053E-01
3.697500E+03,-3.476948E-01
3.698000E+03,-3.157609E-01
3.698500E+03,-2.393665E-01
3.699000E+03,-1.248739E-01
3.699500E+03,1.753453E-02
3.700000E+03,1.753570E-01
3.700500E+03,3.356661E-01
3.701000E+03,4.870755E-01
3.701500E+03,6.214209E-01
3.702000E+03,7.348348E-01
3.702500E+03,8.279975E-01
3.703000E+03,9.055005E-01
3.703500E+03,9.744318E-01
3.704000E+03,1.042451E+00
3.704500E+03,1.115729E+00
3.705000E+03,1.197163E+00
3.705500E+03,1.285236E+00
3.706000E+03,1.373753E+00
3.706500E+03,1.452537E+00
3.707000E+03,1.508971E+00
3.707500E+03,1.530086E+00
3.708000E+03,1.504825E+00
3.708500E+03,1.426044E+00
3.709000E+03,1.291866E+00
3.709500E+03,1.106147E+00
3.710000E+03,8.779503E-01
3.710500E+03,6.201366E-01
3.711000E+03,3.473306E-01
3.711500E+03,7.363008E-02
3.712000E+03,-1.895253E-01
3.712500E+03,-4.349525E-01
3.713000E+03,-6.605177E-01
3.713500E+03,-8.690008E-01
3.714000E+03,-1.067071E+00
3.714500E+03,-1.263568E+00
3.715000E+03,-1.467387E+00
3.715500E+03,-1.685332E+00
3.716000E+03,-1.920279E+00
3.716500E+03,-2.169947E+00
3.717000E+03,-2.426443E+00
3.717500E+03,-2.676656E+00
3.718000E+03,-2.903409E+00
3.718500E+03,-3.087213E+00
3.719000E+03,-3.208373E+00
3.719500E+03,-3.249157E+00
3.720000E+03,-3.195788E+00
3.720500E+03,-3.040006E+00
3.721000E+03,-2.780067E+00
3.721500E+03,-2.421094E+00
3.722000E+03,-1.974776E+00
3.722500E+03,-1.458488E+00
3.723000E+03,-8.939637E-01
3.723500E+03,-3.056606E-01
3.724000E+03,2.809996E-01
3.724500E+03,8.413612E-01
3.725000E+03,1.353091E+00
3.725500E+03,1.797454E+00
3.726000E+03,2.160249E+00
3.726500E+03,2.432355E+00
3.727000E+03,2.609928E+00
3.727500E+03,2.694257E+00
3.728000E+03,2.691356E+00
3.728500E+03,2.611344E+00
3.729000E+03,2.467676E+00
3.729500E+03,2.276277E+00
3.730000E+03,2.054608E+00
3.730500E+03,1.820694E+00
3.731000E+03,1.592115E+00
3.731500E+03,1.384994E+00
3.732000E+03,1.212984E+00
3.732500E+03,1.086326E+00
3.733000E+03,1.011027E+00
3.733500E+03,9.882432E-01
3.734000E+03,1.013978E+00
3.734500E+03,1.079165E+00
3.735000E+03,1.170211E+00
3.735500E+03,1.270008E+00
3.736000E+03,1.359378E+00
3.736500E+03,1.418834E+00
3.737000E+03,1.430510E+00
3.737500E+03,1.380022E+00
3.738000E+03,1.258058E+00
3.738500E+03,1.061465E+00
3.739000E+03,7.936950E-01
3.739500E+03,4.645061E-01
3.740000E+03,8.895864E-02
3.740500E+03,-3.141792E-01
3.741000E+03,-7.244022E-01
3.741500E+03,-1.121543E+00
3.742000E+03,-1.487662E+00
3.742500E+03,-1.808494E+00
3.743000E+03,-2.074260E+00
3.743500E+03,-2.279779E+00
3.744000E+03,-2.423914E+00
3.744500E+03,-2.508514E+00
3.745000E+03,-2.537111E+00
3.745500E+03,-2.513646E+00
3.746000E+03,-2.441515E+00
3.746500E+03,-2.323134E+00
3.747000E+03,-2.160107E+00
3.747500E+03,-1.953969E+00
3.748000E+03,-1.707310E+00
3.748500E+03,-1.425007E+00
3.749000E+03,-1.115232E+00
3.749500E+03,-7.899265E-01
3.750000E+03,-4.645186E-01
3.750500E+03,-1.568018E-01
3.751000E+03,1.149356E-01
3.751500E+03,3.342713E-01
3.752000E+03,4.891141E-01
3.752500E+03,5.738212E-01
3.753000E+03,5.905398E-01
3.753500E+03,5.494511E-01
3.754000E+03,4.677734E-01
3.754500E+03,3.675960E-01
3.755000E+03,2.728350E-01
3.755500E+03,2.057744E-01
3.756000E+03,1.837518E-01
3.756500E+03,2.165448E-01
3.757000E+03,3.049080E-01
3.757500E+03,4.405180E-01
3.758000E+03,6.073407E-01
3.758500E+03,7.841871E-01
3.759000E+03,9.480144E-01
3.759500E+03,1.077405E+00
3.760000E+03,1.155635E+00
3.760500E+03,1.172824E+00
3.761000E+03,1.126859E+00
3.761500E+03,1.022997E+00
3.762000E+03,8.723129E-01
3.762500E+03,6.893714E-01
3.763000E+03,4.896032E-01
3.763500E+03,2.869295E-01
3.764000E+03,9.206799E-02
3.764500E+03,-8.819768E-02
3.765000E+03,-2.507222E-01
3.765500E+03,-3.948389E-01
3.766000E+03,-5.206781E-01
3.766500E+03,-6.274079E-01
3.767000E+03,-7.118537E-01
3.767500E+03,-7.678567E-01
3.768000E+03,-7.865707E-01
3.768500E+03,-7.576864E-01
3.769000E+03,-6.713705E-01
3.769500E+03,-5.205449E-01
3.770000E+03,-3.030529E-01
3.770500E+03,-2.326365E-02
3.771000E+03,3.072314E-01
3.771500E+03,6.700142E-01
3.772000E+03,1.041310E+00
3.772500E+03,1.394326E+00
3.773000E+03,1.702090E+00
3.773500E+03,1.940373E+00
3.774000E+03,2.090227E+00
3.774500E+03,2.139813E+00
3.775000E+03,2.085287E+00
3.775500E+03,1.930682E+00
3.776000E+03,1.686926E+00
3.776500E+03,1.370193E+00
3.777000E+03,9.999320E-01
3.777500E+03,5.968654E-01
3.778000E+03,1.812368E-01
3.778500E+03,-2.285222E-01
3.779000E+03,-6.166396E-01
3.779500E+03,-9.704037E-01
3.780000E+03,-1.280229E+00
3.780500E+03,-1.539531E+00
3.781000E+03,-1.744552E+00
3.781500E+03,-1.894217E+00
3.782000E+03,-1.990040E+00
3.782500E+03,-2.036049E+00
3.783000E+03,-2.038608E+00
3.783500E+03,-2.006051E+00
3.784000E+03,-1.948012E+00
3.784500E+03,-1.874448E+00
3.785000E+03,-1.794390E+00
3.785500E+03,-1.714574E+00
3.786000E+03,-1.638156E+00
3.786500E+03,-1.563769E+00
3.787000E+03,-1.485152E+00
3.787500E+03,-1.391529E+00
3.788000E+03,-1.268800E+00
3.788500E+03,-1.101484E+00
3.789000E+03,-8.751951E-01
3.789500E+03,-5.793470E-01
3.790000E+03,-2.096651E-01
3.790500E+03,2.298829E-01
3.791000E+03,7.260985E-01
3.791500E+03,1.256739E+00
3.792000E+03,1.791947E+00
3.792500E+03,2.296809E+00
3.793000E+03,2.734763E+00
3.793500E+03,3.071416E+00
3.794000E+03,3.278302E+00
3.794500E+03,3.336066E+00
3.795000E+03,3.236663E+00
3.795500E+03,2.984302E+00
3.796000E+03,2.595021E+00
3.796500E+03,2.094988E+00
3.797000E+03,1.517783E+00
3.797500E+03,9.010342E-01
3.798000E+03,2.828574E-01
3.798500E+03,-3.014754E-01
3.799000E+03,-8.222722E-01
3.799500E+03,-1.257312E+00
3.800000E+03,-1.592786E+00
3.800500E+03,-1.823305E+00
3.801000E+03,-1.951133E+00
3.801500E+03,-1.984844E+00
3.802000E+03,-1.937660E+00
3.802500E+03,-1.825702E+00
3.803000E+03,-1.666348E+00
3.803500E+03,-1.476814E+00
3.804000E+03,-1.273037E+00
3.804500E+03,-1.068856E+00
3.805000E+03,-8.754741E-01
3.805500E+03,-7.011535E-01
3.806000E+03,-5.511166E-01
3.806500E+03,-4.276181E-01
3.807000E+03,-3.301815E-01
3.807500E+03,-2.559909E-01
3.808000E+03,-2.004265E-01
3.808500E+03,-1.577166E-01
3.809000E+03,-1.216558E-01
3.809500E+03,-8.631958E-02
3.810000E+03,-4.669209E-02
3.810500E+03,8.728464E-04
3.811000E+03,5.842080E-02
3.811500E+03,1.264238E-01
3.812000E+03,2.040514E-01
3.812500E+03,2.896276E-01
3.813000E+03,3.811808E-01
3.813500E+03,4.769747E-01
3.814000E+03,5.759082E-01
3.814500E+03,6.776979E-01
3.815000E+03,7.827928E-01
3.815500E+03,8.920253E-01
3.816000E+03,1.006050E+00
3.816500E+03,1.124666E+00
3.817000E+03,1.246156E+00
3.817500E+03,1.366761E+00
3.818000E+03,1.480423E+00
3.818500E+03,1.578883E+00
3.819000E+03,1.652163E+00
3.819500E+03,1.689432E+00
3.820000E+03,1.680161E+00
3.820500E+03,1.615463E+00
3.821000E+03,1.489441E+00
3.821500E+03,1.300356E+00
3.822000E+03,1.051455E+00
3.822500E+03,7.512876E-01
3.823000E+03,4.134335E-01
3.823500E+03,5.559794E-02
3.824000E+03,-3.018525E-01
3.824500E+03,-6.377796E-01
3.825000E+03,-9.323737E-01
3.825500E+03,-1.169207E+00
3.826000E+03,-1.336972E+00
3.826500E+03,-1.430667E+00
3.827000E+03,-1.452057E+00
3.827500E+03,-1.409351E+00
3.828000E+03,-1.316132E+00
3.828500E+03,-1.189700E+00
3.829000E+03,-1.049071E+00
3.829500E+03,-9.129180E-01
3.830000E+03,-7.977368E-01
3.830500E+03,-7.164531E-01
3.831000E+03,-6.776149E-01
3.831500E+03,-6.851786E-01
3.832000E+03,-7.388069E-01
3.832500E+03,-8.345062E-01
3.833000E+03,-9.654059E-01
3.833500E+03,-1.122492E+00
3.834000E+03,-1.295177E+00
3.834500E+03,-1.471666E+00
3.835000E+03,-1.639200E+00
3.835500E+03,-1.784283E+00
3.836000E+03,-1.893074E+00
3.836500E+03,-1.952063E+00
3.837000E+03,-1.949086E+00
3.837500E+03,-1.874610E+00
3.838000E+03,-1.723129E+00
3.838500E+03,-1.494393E+00
3.839000E+03,-1.194177E+00
3.839500E+03,-8.343393E-01
3.840000E+03,-4.320203E-01
3.840500E+03,-7.983997E-03
3.841000E+03,4.156910E-01
3.841500E+03,8.182361E-01
3.842000E+03,1.182686E+00
3.842500E+03,1.497797E+00
3.843000E+03,1.759019E+00
3.843500E+03,1.968354E+00
3.844000E+03,2.133105E+00
3.844500E+03,2.263781E+00
3.845000E+03,2.371573E+00
3.845500E+03,2.465904E+00
3.846000E+03,2.552551E+00
3.846500E+03,2.632661E+00
3.847000E+03,2.702852E+00
3.847500E+03,2.756273E+00
3.848000E+03,2.784346E+00
3.848500E+03,2.778737E+00
3.849000E+03,2.733088E+00
3.849500E+03,2.644104E+00
3.850000E+03,2.511783E+00
3.850500E+03,2.338785E+00
3.851000E+03,2.129179E+00
3.851500E+03,1.886946E+00
3.852000E+03,1.614712E+00
3.852500E+03,1.313106E+00
3.853000E+03,9.809830E-01
3.853500E+03,6.165180E-01
3.854000E+03,2.189390E-01
3.854500E+03,-2.095452E-01
3.855000E+03,-6.621505E-01
3.855500E+03,-1.126754E+00
3.856000E+03,-1.586300E+00
3.856500E+03,-2.020453E+00
3.857000E+03,-2.408276E+00
3.857500E+03,-2.731457E+00
3.858000E+03,-2.977425E+00
3.858500E+03,-3.141669E+00
3.859000E+03,-3.228705E+00
3.859500E+03,-3.251374E+00
3.860000E+03,-3.228515E+00
3.860500E+03,-3.181385E+00
3.861000E+03,-3.129473E+00
3.861500E+03,-3.086526E+00
3.862000E+03,-3.057575E+00
3.862500E+03,-3.037560E+00
3.863000E+03,-3.011867E+00
3.863500E+03,-2.958705E+00
3.864000E+03,-2.852887E+00
3.864500E+03,-2.670323E+00
3.865000E+03,-2.392386E+00
3.865500E+03,-2.009376E+00
3.866000E+03,-1.522476E+00
3.866500E+03,-9.439131E-01
3.867000E+03,-2.953889E-01
3.867500E+03,3.948376E-01
3.868000E+03,1.095611E+00
3.868500E+03,1.776574E+00
3.869000E+03,2.411247E+00
3.869500E+03,2.979023E+00
3.870000E+03,3.465871E+00
3.870500E+03,3.863805E+00
3.871000E+03,4.169442E+00
3.871500E+03,4.382116E+00
3.872000E+03,4.502035E+00
3.872500E+03,4.528928E+00
3.873000E+03,4.461466E+00
3.873500E+03,4.297503E+00
3.874000E+03,4.035045E+00
3.874500E+03,3.673647E+00
3.875000E+03,3.215890E+00
3.875500E+03,2.668588E+00
3.876000E+03,2.043468E+00
3.876500E+03,1.357155E+00
3.877000E+03,6.305045E-01
3.877500E+03,-1.126285E-01
3.878000E+03,-8.469437E-01
3.878500E+03,-1.547352E+00
3.879000E+03,-2.190511E+00
3.879500E+03,-2.756096E+00
3.880000E+03,-3.227709E+00
3.880500E+03,-3.593450E+00
3.881000E+03,-3.846162E+00
3.881500E+03,-3.983431E+00
3.882000E+03,-4.007392E+00
3.882500E+03,-3.924373E+00
3.883000E+03,-3.744376E+00
3.883500E+03,-3.480400E+00
3.884000E+03,-3.147585E+00
3.884500E+03,-2.762212E+00
3.885000E+03,-2.340608E+00
3.885500E+03,-1.898062E+00
3.886000E+03,-1.447876E+00
3.886500E+03,-1.000682E+00
3.887000E+03,-5.641294E-01
3.887500E+03,-1.429957E-01
3.888000E+03,2.603087E-01
3.888500E+03,6.449284E-01
3.889000E+03,1.010603E+00
3.889500E+03,1.356743E+00
3.890000E+03,1.681719E+00
3.890500E+03,1.982495E+00
3.891000E+03,2.254672E+00
3.891500E+03,2.492908E+00
3.892000E+03,2.691629E+00
3.892500E+03,2.845840E+00
3.893000E+03,2.951888E+00
3.893500E+03,3.007980E+00
3.894000E+03,3.014365E+00
3.894500E+03,2.973124E+00
3.895000E+03,2.887626E+00
3.895500E+03,2.761766E+00
3.896000E+03,2.599148E+00
3.896500E+03,2.402410E+00
3.897000E+03,2.172833E+00
3.897500E+03,1.910354E+00
3.898000E+03,1.614002E+00
3.898500E+03,1.282704E+00
3.899000E+03,9.163172E-01
3.899500E+03,5.167210E-01
3.900000E+03,8.873194E-02
3.900500E+03,-3.593306E-01
3.901000E+03,-8.155867E-01
3.901500E+03,-1.265112E+00
3.902000E+03,-1.691008E+00
3.902500E+03,-2.075914E+00
3.903000E+03,-2.403762E+00
3.903500E+03,-2.661545E+00
3.904000E+03,-2.840816E+00
3.904500E+03,-2.938705E+00
3.905000E+03,-2.958267E+00
3.905500E+03,-2.908084E+00
3.906000E+03,-2.801160E+00
3.906500E+03,-2.653255E+00
3.907000E+03,-2.480887E+00
3.907500E+03,-2.299308E+00
3.908000E+03,-2.120757E+00
3.908500E+03,-1.953251E+00
3.909000E+03,-1.800099E+00
3.909500E+03,-1.660193E+00
3.910000E+03,-1.528997E+00
3.910500E+03,-1.400041E+00
3.911000E+03,-1.266624E+00
3.911500E+03,-1.123413E+00
3.912000E+03,-9.676309E-01
3.912500E+03,-7.996190E-01
3.913000E+03,-6.226791E-01
3.913500E+03,-4.422432E-01
3.914000E+03,-2.645542E-01
3.914500E+03,-9.513856E-02
3.915000E+03,6.260555E-02
3.915500E+03,2.084021E-01
3.916000E+03,3.454542E-01
3.916500E+03,4.800743E-01
3.917000E+03,6.206407E-01
3.917500E+03,7.760733E-01
3.918000E+03,9.541151E-01
3.918500E+03,1.159746E+00
3.919000E+03,1.394031E+00
3.919500E+03,1.653612E+00
3.920000E+03,1.930936E+00
3.920500E+03,2.215163E+00
3.921000E+03,2.493566E+00
3.921500E+03,2.753153E+00
3.922000E+03,2.982220E+00
3.922500E+03,3.171531E+00
3.923000E+03,3.314965E+00
3.923500E+03,3.409527E+00
3.924000E+03,3.454783E+00
3.924500E+03,3.451879E+00
3.925000E+03,3.402369E+00
3.925500E+03,3.307125E+00
3.926000E+03,3.165543E+00
3.926500E+03,2.975231E+00
3.927000E+03,2.732236E+00
3.927500E+03,2.431769E+00
3.928000E+03,2.069325E+00
3.928500E+03,1.641993E+00
3.929000E+03,1.149740E+00
3.929500E+03,5.964887E-01
3.930000E+03,-9.207524E-03
3.930500E+03,-6.539657E-01
3.931000E+03,-1.319901E+00
3.931500E+03,-1.985441E+00
3.932000E+03,-2.626553E+00
3.932500E+03,-3.218253E+00
3.933000E+03,-3.736271E+00
3.933500E+03,-4.158733E+00
3.934000E+03,-4.467723E+00
3.934500E+03,-4.650607E+00
3.935000E+03,-4.701025E+00
3.935500E+03,-4.619463E+00
3.936000E+03,-4.413349E+00
3.936500E+03,-4.096654E+00
3.937000E+03,-3.688982E+00
3.937500E+03,-3.214223E+00
3.938000E+03,-2.698840E+00
3.938500E+03,-2.169921E+00
3.939000E+03,-1.653172E+00
3.939500E+03,-1.171029E+00
3.940000E+03,-7.410774E-01
3.940500E+03,-3.749541E-01
3.941000E+03,-7.783904E-02
3.941500E+03,1.513896E-01
3.942000E+03,3.193640E-01
3.942500E+03,4.368923E-01
3.943000E+03,5.172504E-01
3.943500E+03,5.743222E-01
3.944000E+03,6.208312E-01
3.944500E+03,6.668999E-01
3.945000E+03,7.191253E-01
3.945500E+03,7.802849E-01
3.946000E+03,8.496899E-01
3.946500E+03,9.240964E-01
3.947000E+03,9.989959E-01
3.947500E+03,1.070034E+00
3.948000E+03,1.134284E+00
3.948500E+03,1.191115E+00
3.949000E+03,1.242475E+00
3.949500E+03,1.292509E+00
3.950000E+03,1.346566E+00
3.950500E+03,1.409770E+00
3.951000E+03,1.485445E+00
3.951500E+03,1.573727E+00
3.952000E+03,1.670683E+00
3.952500E+03,1.768181E+00
3.953000E+03,1.854623E+00
3.953500E+03,1.916483E+00
3.954000E+03,1.940414E+00
3.954500E+03,1.915565E+00
3.955000E+03,1.835665E+00
3.955500E+03,1.700462E+00
3.956000E+03,1.516176E+00
3.956500E+03,1.294833E+00
3.957000E+03,1.052533E+00
3.957500E+03,8.069433E-01
3.958000E+03,5.744550E-01
3.958500E+03,3.675548E-01
3.959000E+03,1.929158E-01
3.959500E+03,5.060636E-02
3.960000E+03,-6.540529E-02
3.960500E+03,-1.655270E-01
3.961000E+03,-2.619259E-01
3.961500E+03,-3.655355E-01
3.962000E+03,-4.832949E-01
3.962500E+03,-6.161928E-01
3.963000E+03,-7.585416E-01
3.963500E+03,-8.986618E-01
3.964000E+03,-1.020876E+00
3.964500E+03,-1.108444E+00
3.965000E+03,-1.146881E+00
3.965500E+03,-1.127007E+00
3.966000E+03,-1.047136E+00
3.966500E+03,-9.139829E-01
3.967000E+03,-7.420942E-01
3.967500E+03,-5.519276E-01
3.968000E+03,-3.669366E-01
3.968500E+03,-2.102042E-01
3.969000E+03,-1.012367E-01
3.969500E+03,-5.346612E-02
3.970000E+03,-7.285015E-02
3.970500E+03,-1.577255E-01
3.971000E+03,-2.998247E-01
3.971500E+03,-4.861549E-01
3.972000E+03,-7.013021E-01
3.972500E+03,-9.296952E-01
3.973000E+03,-1.157424E+00
3.973500E+03,-1.373356E+00
3.974000E+03,-1.569467E+00
3.974500E+03,-1.740491E+00
3.975000E+03,-1.883119E+00
3.975500E+03,-1.995029E+00
3.976000E+03,-2.074044E+00
3.976500E+03,-2.117606E+00
3.977000E+03,-2.122655E+00
3.977500E+03,-2.085878E+00
3.978000E+03,-2.004199E+00
3.978500E+03,-1.875334E+00
3.979000E+03,-1.698248E+00
3.979500E+03,-1.473406E+00
3.980000E+03,-1.202801E+00
3.980500E+03,-8.897960E-01
3.981000E+03,-5.389054E-01
3.981500E+03,-1.556259E-01
3.982000E+03,2.536006E-01
3.982500E+03,6.812745E-01
3.983000E+03,1.118639E+00
3.983500E+03,1.555523E+00
3.984000E+03,1.980377E+00
3.984500E+03,2.380631E+00
3.985000E+03,2.743432E+00
3.985500E+03,3.056710E+00
3.986000E+03,3.310408E+00
3.986500E+03,3.497648E+00
3.987000E+03,3.615538E+00
3.987500E+03,3.665409E+00
3.988000E+03,3.652324E+00
3.988500E+03,3.583903E+00
3.989000E+03,3.468618E+00
3.989500E+03,3.313898E+00
3.990000E+03,3.124429E+00
3.990500E+03,2.901052E+00
3.991000E+03,2.640548E+00
3.991500E+03,2.336450E+00
3.992000E+03,1.980795E+00
3.992500E+03,1.566547E+00
3.993000E+03,1.090231E+00
3.993500E+03,5.542773E-01
3.994000E+03,-3.141583E-02
3.994500E+03,-6.490744E-01
3.995000E+03,-1.273944E+00
3.995500E+03,-1.876421E+00
3.996000E+03,-2.425118E+00
3.996500E+03,-2.890396E+00
3.997000E+03,-3.247808E+00
3.997500E+03,-3.480932E+00
3.998000E+03,-3.583176E+00
3.998500E+03,-3.558316E+00
3.999000E+03,-3.419748E+00
3.999500E+03,-3.188641E+00
4.000000E+03,-2.891305E+00
4.000500E+03,-2.556205E+00
4.001000E+03,-2.211032E+00
4.001500E+03,-1.880175E+00
4.002000E+03,-1.582853E+00
4.002500E+03,-1.331999E+00
4.003000E+03,-1.133897E+00
4.003500E+03,-9.884658E-01
4.004000E+03,-8.900392E-01
4.004500E+03,-8.284827E-01
4.005000E+03,-7.905087E-01
4.005500E+03,-7.610812E-01
4.006000E+03,-7.248386E-01
4.006500E+03,-6.674760E-01
4.007000E+03,-5.770306E-01
4.007500E+03,-4.450004E-01
4.008000E+03,-2.672049E-01
4.008500E+03,-4.429207E-02
4.009000E+03,2.181975E-01
4.009500E+03,5.102605E-01
4.010000E+03,8.183476E-01
4.010500E+03,1.126687E+00
4.011000E+03,1.418866E+00
4.011500E+03,1.679466E+00
4.012000E+03,1.895530E+00
4.012500E+03,2.057659E+00
4.013000E+03,2.160602E+00
4.013500E+03,2.203265E+00
4.014000E+03,2.188202E+00
4.014500E+03,2.120704E+00
4.015000E+03,2.007685E+00
4.015500E+03,1.856585E+00
4.016000E+03,1.674477E+00
4.016500E+03,1.467525E+00
4.017000E+03,1.240840E+00
4.017500E+03,9.986970E-01
4.018000E+03,7.450084E-01
4.018500E+03,4.838880E-01
4.019000E+03,2.201402E-01
4.019500E+03,-4.046713E-02
4.020000E+03,-2.912290E-01
4.020500E+03,-5.248381E-01
4.021000E+03,-7.339663E-01
4.021500E+03,-9.119757E-01
4.022000E+03,-1.053614E+00
4.022500E+03,-1.155557E+00
4.023000E+03,-1.216684E+00
4.023500E+03,-1.238050E+00
4.024000E+03,-1.222554E+00
4.024500E+03,-1.174367E+00
4.025000E+03,-1.098253E+00
4.025500E+03,-9.988766E-01
4.026000E+03,-8.802390E-01
4.026500E+03,-7.453264E-01
4.027000E+03,-5.960114E-01
4.027500E+03,-4.332171E-01
4.028000E+03,-2.572984E-01
4.028500E+03,-6.856940E-02
4.029000E+03,1.321109E-01
4.029500E+03,3.427853E-01
4.030000E+03,5.599553E-01
4.030500E+03,7.783089E-01
4.031000E+03,9.906558E-01
4.031500E+03,1.188085E+00
4.032000E+03,1.360341E+00
4.032500E+03,1.496392E+00
4.033000E+03,1.585166E+00
4.033500E+03,1.616387E+00
4.034000E+03,1.581485E+00
4.034500E+03,1.474481E+00
4.035000E+03,1.292796E+00
4.035500E+03,1.037899E+00
4.036000E+03,7.157314E-01
4.036500E+03,3.368277E-01
4.037000E+03,-8.389355E-02
4.037500E+03,-5.276988E-01
4.038000E+03,-9.729557E-01
4.038500E+03,-1.396354E+00
4.039000E+03,-1.774364E+00
4.039500E+03,-2.084826E+00
4.040000E+03,-2.308574E+00
4.040500E+03,-2.430953E+00
4.041000E+03,-2.443118E+00
4.041500E+03,-2.342992E+00
4.042000E+03,-2.135802E+00
4.042500E+03,-1.834100E+00
4.043000E+03,-1.457238E+00
4.043500E+03,-1.030285E+00
4.044000E+03,-5.824271E-01
4.044500E+03,-1.449232E-01
4.045000E+03,2.512530E-01
4.045500E+03,5.779136E-01
4.046000E+03,8.120930E-01
4.046500E+03,9.381924E-01
4.047000E+03,9.496014E-01
4.047500E+03,8.495962E-01
4.048000E+03,6.513620E-01
4.048500E+03,3.770719E-01
4.049000E+03,5.604994E-02
4.049500E+03,-2.778447E-01
4.050000E+03,-5.893731E-01
4.050500E+03,-8.452933E-01
4.051000E+03,-1.017592E+00
4.051500E+03,-1.086206E+00
4.052000E+03,-1.040911E+00
4.052500E+03,-8.821586E-01
4.053000E+03,-6.207603E-01
4.053500E+03,-2.764598E-01
4.054000E+03,1.244086E-01
4.054500E+03,5.518790E-01
4.055000E+03,9.755484E-01
4.055500E+03,1.367609E+00
4.056000E+03,1.705351E+00
4.056500E+03,1.972873E+00
4.057000E+03,2.161821E+00
4.057500E+03,2.271175E+00
4.058000E+03,2.306175E+00
4.058500E+03,2.276635E+00
4.059000E+03,2.194928E+00
4.059500E+03,2.073962E+00
4.060000E+03,1.925428E+00
4.060500E+03,1.758536E+00
4.061000E+03,1.579349E+00
4.061500E+03,1.390744E+00
4.062000E+03,1.192909E+00
4.062500E+03,9.842414E-01
4.063000E+03,7.624519E-01
4.063500E+03,5.256866E-01
4.064000E+03,2.734949E-01
4.064500E+03,7.514839E-03
4.065000E+03,-2.681990E-01
4.065500E+03,-5.472261E-01
4.066000E+03,-8.211829E-01
4.066500E+03,-1.080414E+00
4.067000E+03,-1.314882E+00
4.067500E+03,-1.515155E+00
4.068000E+03,-1.673379E+00
4.068500E+03,-1.784133E+00
4.069000E+03,-1.845059E+00
4.069500E+03,-1.857198E+00
4.070000E+03,-1.824962E+00
4.070500E+03,-1.755725E+00
4.071000E+03,-1.659058E+00
4.071500E+03,-1.545667E+00
4.072000E+03,-1.426173E+00
4.072500E+03,-1.309856E+00
4.073000E+03,-1.203572E+00
4.073500E+03,-1.110975E+00
4.074000E+03,-1.032192E+00
4.074500E+03,-9.640136E-01
4.075000E+03,-9.005722E-01
4.075500E+03,-8.344355E-01
4.076000E+03,-7.579303E-01
4.076500E+03,-6.644976E-01
4.077000E+03,-5.498598E-01
4.077500E+03,-4.128173E-01
4.078000E+03,-2.555557E-01
4.078500E+03,-8.343448E-02
4.079000E+03,9.568626E-02
4.079500E+03,2.724438E-01
4.080000E+03,4.371187E-01
4.080500E+03,5.807409E-01
4.081000E+03,6.960025E-01
4.081500E+03,7.778790E-01
4.082000E+03,8.239345E-01
4.082500E+03,8.343473E-01
4.083000E+03,8.117381E-01
4.083500E+03,7.608896E-01
4.084000E+03,6.884287E-01
4.084500E+03,6.024983E-01
4.085000E+03,5.123950E-01
4.085500E+03,4.281139E-01
4.086000E+03,3.597321E-01
4.086500E+03,3.165877E-01
4.087000E+03,3.062744E-01
4.087500E+03,3.335476E-01
4.088000E+03,3.993176E-01
4.088500E+03,4.999542E-01
4.089000E+03,6.271254E-01
4.089500E+03,7.683391E-01
4.090000E+03,9.082366E-01
4.090500E+03,1.030541E+00
4.091000E+03,1.120401E+00
4.091500E+03,1.166751E+00
4.092000E+03,1.164245E+00
4.092500E+03,1.114346E+00
4.093000E+03,1.025286E+00
4.093500E+03,9.108012E-01
4.094000E+03,7.877856E-01
4.094500E+03,6.732405E-01
4.095000E+03,5.810681E-01
4.095500E+03,5.193264E-01
4.096000E+03,4.885122E-01
4.096500E+03,4.812608E-01
4.097000E+03,4.835915E-01
4.097500E+03,4.775167E-01
4.098000E+03,4.445526E-01
4.098500E+03,3.694684E-01
4.099000E+03,2.435378E-01
4.099500E+03,6.663277E-02
4.100000E+03,-1.522847E-01
4.100500E+03,-3.964106E-01
4.101000E+03,-6.438767E-01
4.101500E+03,-8.715426E-01
4.102000E+03,-1.059075E+00
4.102500E+03,-1.192530E+00
4.103000E+03,-1.266741E+00
4.103500E+03,-1.286056E+00
4.104000E+03,-1.263304E+00
4.104500E+03,-1.217192E+00
4.105000E+03,-1.168676E+00
4.105500E+03,-1.137007E+00
4.106000E+03,-1.136220E+00
4.106500E+03,-1.172716E+00
4.107000E+03,-1.244363E+00
4.107500E+03,-1.341199E+00
4.108000E+03,-1.447539E+00
4.108500E+03,-1.544986E+00
4.109000E+03,-1.615721E+00
4.109500E+03,-1.645398E+00
4.110000E+03,-1.625132E+00
4.110500E+03,-1.552231E+00
4.111000E+03,-1.429682E+00
4.111500E+03,-1.264570E+00
4.112000E+03,-1.065924E+00
4.112500E+03,-8.424745E-01
4.113000E+03,-6.008907E-01
4.113500E+03,-3.448391E-01
4.114000E+03,-7.506980E-02
4.114500E+03,2.095505E-01
4.115000E+03,5.103322E-01
4.115500E+03,8.268135E-01
4.116000E+03,1.155048E+00
4.116500E+03,1.486554E+00
4.117000E+03,1.808210E+00
4.117500E+03,2.103179E+00
4.118000E+03,2.352733E+00
4.118500E+03,2.538674E+00
4.119000E+03,2.645907E+00
4.119500E+03,2.664719E+00
4.120000E+03,2.592344E+00
4.120500E+03,2.433553E+00
4.121000E+03,2.200157E+00
4.121500E+03,1.909517E+00
4.122000E+03,1.582319E+00
4.122500E+03,1.239972E+00
4.123000E+03,9.020564E-01
4.123500E+03,5.842020E-01
4.124000E+03,2.967046E-01
4.124500E+03,4.404910E-02
4.125000E+03,-1.746433E-01
4.125500E+03,-3.643717E-01
4.126000E+03,-5.324628E-01
4.126500E+03,-6.865496E-01
4.127000E+03,-8.326591E-01
4.127500E+03,-9.737178E-01
4.128000E+03,-1.108700E+00
4.128500E+03,-1.232538E+00
4.129000E+03,-1.336785E+00
4.129500E+03,-1.410917E+00
4.130000E+03,-1.444034E+00
4.130500E+03,-1.426712E+00
4.131000E+03,-1.352691E+00
4.131500E+03,-1.220157E+00
4.132000E+03,-1.032426E+00
4.132500E+03,-7.979380E-01
4.133000E+03,-5.295925E-01
4.133500E+03,-2.435332E-01
4.134000E+03,4.240874E-02
4.134500E+03,3.103823E-01
4.135000E+03,5.440606E-01
4.135500E+03,7.298709E-01
4.136000E+03,8.577940E-01
4.136500E+03,9.217040E-01
4.137000E+03,9.193035E-01
4.137500E+03,8.517708E-01
4.138000E+03,7.232672E-01
4.138500E+03,5.404451E-01
4.139000E+03,3.120555E-01
4.139500E+03,4.869445E-02
4.140000E+03,-2.373453E-01
4.140500E+03,-5.322020E-01
4.141000E+03,-8.206701E-01
4.141500E+03,-1.086635E+00
4.142000E+03,-1.313786E+00
4.142500E+03,-1.486623E+00
4.143000E+03,-1.591671E+00
4.143500E+03,-1.618779E+00
4.144000E+03,-1.562305E+00
4.144500E+03,-1.421999E+00
4.145000E+03,-1.203414E+00
4.145500E+03,-9.177439E-01
4.146000E+03,-5.810739E-01
4.146500E+03,-2.131150E-01
4.147000E+03,1.644203E-01
4.147500E+03,5.296021E-01
4.148000E+03,8.620112E-01
4.148500E+03,1.144220E+00
4.149000E+03,1.362888E+00
4.149500E+03,1.509405E+00
4.150000E+03,1.580085E+00
4.150500E+03,1.575961E+00
4.151000E+03,1.502293E+00
4.151500E+03,1.367870E+00
4.152000E+03,1.184219E+00
4.152500E+03,9.647611E-01
4.153000E+03,7.239682E-01
4.153500E+03,4.765248E-01
4.154000E+03,2.364964E-01
4.154500E+03,1.652018E-02
4.155000E+03,-1.729503E-01
4.155500E+03,-3.242935E-01
4.156000E+03,-4.331878E-01
4.156500E+03,-4.988210E-01
4.157000E+03,-5.237841E-01
4.157500E+03,-5.136214E-01
4.158000E+03,-4.760626E-01
4.158500E+03,-4.200142E-01
4.159000E+03,-3.544344E-01
4.159500E+03,-2.872460E-01
4.160000E+03,-2.244429E-01
4.160500E+03,-1.695249E-01
4.161000E+03,-1.233421E-01
4.161500E+03,-8.436965E-02
4.162000E+03,-4.935961E-02
4.162500E+03,-1.425573E-02
4.163000E+03,2.478650E-02
4.163500E+03,7.044945E-02
4.164000E+03,1.235351E-01
4.164500E+03,1.826010E-01
4.165000E+03,2.440140E-01
4.165500E+03,3.024123E-01
4.166000E+03,3.515012E-01
4.166500E+03,3.850483E-01
4.167000E+03,3.979110E-01
4.167500E+03,3.869220E-01
4.168000E+03,3.514800E-01
4.168500E+03,2.937416E-01
4.169000E+03,2.183775E-01
4.169500E+03,1.319308E-01
4.170000E+03,4.188860E-02
4.170500E+03,-4.437019E-02
4.171000E+03,-1.205597E-01
4.171500E+03,-1.822244E-01
4.172000E+03,-2.270921E-01
4.172500E+03,-2.549823E-01
4.173000E+03,-2.673023E-01
4.173500E+03,-2.662553E-01
4.174000E+03,-2.539592E-01
4.174500E+03,-2.317079E-01
4.175000E+03,-1.995937E-01
4.175500E+03,-1.566378E-01
4.176000E+03,-1.014687E-01
4.176500E+03,-3.344742E-02
4.177000E+03,4.598844E-02
4.177500E+03,1.320911E-01
4.178000E+03,2.160384E-01
4.178500E+03,2.849562E-01
4.179000E+03,3.229203E-01
4.179500E+03,3.129417E-01
4.180000E+03,2.397251E-01
4.180500E+03,9.278835E-02
4.181000E+03,-1.306143E-01
4.181500E+03,-4.233609E-01
4.182000E+03,-7.676489E-01
4.182500E+03,-1.135831E+00
4.183000E+03,-1.492962E+00
4.183500E+03,-1.800784E+00
4.184000E+03,-2.022618E+00
4.184500E+03,-2.128380E+00
4.185000E+03,-2.098897E+00
4.185500E+03,-1.928776E+00
4.186000E+03,-1.627284E+00
4.186500E+03,-1.217065E+00
4.187000E+03,-7.308913E-01
4.187500E+03,-2.070080E-01
4.188000E+03,3.161232E-01
4.188500E+03,8.047617E-01
4.189000E+03,1.233670E+00
4.189500E+03,1.588138E+00
4.190000E+03,1.864008E+00
4.190500E+03,2.065841E+00
4.191000E+03,2.203731E+00
4.191500E+03,2.289536E+00
4.192000E+03,2.333332E+00
4.192500E+03,2.340859E+00
4.193000E+03,2.312447E+00
4.193500E+03,2.243556E+00
4.194000E+03,2.126740E+00
4.194500E+03,1.954491E+00
4.195000E+03,1.722248E+00
4.195500E+03,1.430858E+00
4.196000E+03,1.087882E+00
4.196500E+03,7.074329E-01
4.197000E+03,3.085629E-01
4.197500E+03,-8.744060E-02
4.198000E+03,-4.602711E-01
4.198500E+03,-7.936171E-01
4.199000E+03,-1.077326E+00
4.199500E+03,-1.308257E+00
4.200000E+03,-1.489664E+00
4.200500E+03,-1.629273E+00
4.201000E+03,-1.736500E+00
4.201500E+03,-1.819457E+00
4.202000E+03,-1.882416E+00
4.202500E+03,-1.924306E+00
4.203000E+03,-1.938586E+00
4.203500E+03,-1.914542E+00
4.204000E+03,-1.839727E+00
4.204500E+03,-1.703065E+00
4.205000E+03,-1.497955E+00
4.205500E+03,-1.224737E+00
4.206000E+03,-8.920286E-01
4.206500E+03,-5.166259E-01
4.207000E+03,-1.219823E-01
4.207500E+03,2.644764E-01
4.208000E+03,6.147346E-01
4.208500E+03,9.036959E-01
4.209000E+03,1.112254E+00
4.209500E+03,1.229468E+00
4.210000E+03,1.253578E+00
4.210500E+03,1.191774E+00
4.211000E+03,1.058879E+00
4.211500E+03,8.752029E-01
4.212000E+03,6.639515E-01
4.212500E+03,4.485471E-01
4.213000E+03,2.501970E-01
4.213500E+03,8.593646E-02
4.214000E+03,-3.271572E-02
4.214500E+03,-1.004481E-01
4.215000E+03,-1.182161E-01
4.215500E+03,-9.273318E-02
4.216000E+03,-3.547424E-02
4.216500E+03,3.872414E-02
4.217000E+03,1.133704E-01
4.217500E+03,1.722193E-01
4.218000E+03,2.012232E-01
4.218500E+03,1.903534E-01
4.219000E+03,1.350844E-01
4.219500E+03,3.732541E-02
4.220000E+03,-9.438404E-02
4.220500E+03,-2.455281E-01
4.221000E+03,-3.971257E-01
4.221500E+03,-5.279754E-01
4.222000E+03,-6.173817E-01
4.222500E+03,-6.480072E-01
4.223000E+03,-6.084403E-01
4.223500E+03,-4.950791E-01
4.224000E+03,-3.130147E-01
4.224500E+03,-7.573296E-02
4.225000E+03,1.963628E-01
4.225500E+03,4.784229E-01
4.226000E+03,7.442671E-01
4.226500E+03,9.696885E-01
4.227000E+03,1.135455E+00
4.227500E+03,1.229564E+00
4.228000E+03,1.248424E+00
4.228500E+03,1.196813E+00
4.229000E+03,1.086655E+00
4.229500E+03,9.348419E-01
4.230000E+03,7.604742E-01
4.230500E+03,5.819721E-01
4.231000E+03,4.145159E-01
4.231500E+03,2.681978E-01
4.232000E+03,1.471432E-01
4.232500E+03,4.968470E-02
4.233000E+03,-3.049941E-02
4.233500E+03,-1.025308E-01
4.234000E+03,-1.761135E-01
4.234500E+03,-2.593544E-01
4.235000E+03,-3.569992E-01
4.235500E+03,-4.693771E-01
4.236000E+03,-5.922124E-01
4.236500E+03,-7.173119E-01
4.237000E+03,-8.339807E-01
4.237500E+03,-9.309031E-01
4.238000E+03,-9.981490E-01
4.238500E+03,-1.028957E+00
4.239000E+03,-1.020992E+00
4.239500E+03,-9.768743E-01
4.240000E+03,-9.039029E-01
4.240500E+03,-8.130418E-01
4.241000E+03,-7.173451E-01
4.241500E+03,-6.300913E-01
4.242000E+03,-5.629258E-01
4.242500E+03,-5.242910E-01
4.243000E+03,-5.183588E-01
4.243500E+03,-5.445844E-01
4.244000E+03,-5.978907E-01
4.244500E+03,-6.693963E-01
4.245000E+03,-7.475295E-01
4.245500E+03,-8.193347E-01
4.246000E+03,-8.717853E-01
4.246500E+03,-8.929507E-01
4.247000E+03,-8.729264E-01
4.247500E+03,-8.044880E-01
4.248000E+03,-6.834883E-01
4.248500E+03,-5.090372E-01
4.249000E+03,-2.835131E-01
4.249500E+03,-1.244045E-02
4.250000E+03,2.957567E-01
4.250500E+03,6.301384E-01
4.251000E+03,9.777875E-01
4.251500E+03,1.324517E+00
4.252000E+03,1.655726E+00
4.252500E+03,1.957343E+00
4.253000E+03,2.216773E+00
4.253500E+03,2.423701E+00
4.254000E+03,2.570665E+00
4.254500E+03,2.653272E+00
4.255000E+03,2.670057E+00
4.255500E+03,2.622002E+00
4.256000E+03,2.511848E+00
4.256500E+03,2.343355E+00
4.257000E+03,2.120705E+00
4.257500E+03,1.848198E+00
4.258000E+03,1.530328E+00
4.258500E+03,1.172241E+00
4.259000E+03,7.804361E-01
4.259500E+03,3.635348E-01
4.260000E+03,-6.715802E-02
4.260500E+03,-4.975204E-01
4.261000E+03,-9.110843E-01
4.261500E+03,-1.290160E+00
4.262000E+03,-1.617518E+00
4.262500E+03,-1.878400E+00
4.263000E+03,-2.062525E+00
4.263500E+03,-2.165720E+00
4.264000E+03,-2.190834E+00
4.264500E+03,-2.147720E+00
4.265000E+03,-2.052198E+00
4.265500E+03,-1.924126E+00
4.266000E+03,-1.784840E+00
4.266500E+03,-1.654374E+00
4.267000E+03,-1.548877E+00
4.267500E+03,-1.478646E+00
4.268000E+03,-1.447058E+00
4.268500E+03,-1.450523E+00
4.269000E+03,-1.479422E+00
4.269500E+03,-1.519798E+00
4.270000E+03,-1.555504E+00
4.270500E+03,-1.570410E+00
4.271000E+03,-1.550355E+00
4.271500E+03,-1.484564E+00
4.272000E+03,-1.366428E+00
4.272500E+03,-1.193633E+00
4.273000E+03,-9.677602E-01
4.273500E+03,-6.935612E-01
4.274000E+03,-3.781014E-01
4.274500E+03,-2.997005E-02
4.275000E+03,3.413333E-01
4.275500E+03,7.257911E-01
4.276000E+03,1.113077E+00
4.276500E+03,1.492659E+00
4.277000E+03,1.853908E+00
4.277500E+03,2.186273E+00
4.278000E+03,2.479583E+00
4.278500E+03,2.724454E+00
4.279000E+03,2.912737E+00
4.279500E+03,3.037947E+00
4.280000E+03,3.095570E+00
4.280500E+03,3.083209E+00
4.281000E+03,3.000561E+00
4.281500E+03,2.849251E+00
4.282000E+03,2.632609E+00
4.282500E+03,2.355467E+00
4.283000E+03,2.024039E+00
4.283500E+03,1.645945E+00
4.284000E+03,1.230330E+00
4.284500E+03,7.880344E-01
4.285000E+03,3.316898E-01
4.285500E+03,-1.243633E-01
4.286000E+03,-5.644439E-01
4.286500E+03,-9.722327E-01
4.287000E+03,-1.331792E+00
4.287500E+03,-1.628814E+00
4.288000E+03,-1.851946E+00
4.288500E+03,-1.994003E+00
4.289000E+03,-2.052878E+00
4.289500E+03,-2.031987E+00
4.290000E+03,-1.940147E+00
4.290500E+03,-1.790869E+00
4.291000E+03,-1.601128E+00
4.291500E+03,-1.389753E+00
4.292000E+03,-1.175621E+00
4.292500E+03,-9.758720E-01
4.293000E+03,-8.043564E-01
4.293500E+03,-6.704858E-01
4.294000E+03,-5.786076E-01
4.294500E+03,-5.279589E-01
4.295000E+03,-5.131857E-01
4.295500E+03,-5.253505E-01
4.296000E+03,-5.532997E-01
4.296500E+03,-5.852251E-01
4.297000E+03,-6.102327E-01
4.297500E+03,-6.197336E-01
4.298000E+03,-6.084873E-01
4.298500E+03,-5.751672E-01
4.299000E+03,-5.223697E-01
4.299500E+03,-4.560579E-01
4.300000E+03,-3.845013E-01
4.300500E+03,-3.168440E-01
4.301000E+03,-2.614946E-01
4.301500E+03,-2.245629E-01
4.302000E+03,-2.085772E-01
4.302500E+03,-2.116856E-01
4.303000E+03,-2.274844E-01
4.303500E+03,-2.455306E-01
4.304000E+03,-2.524951E-01
4.304500E+03,-2.338217E-01
4.305000E+03,-1.756742E-01
4.305500E+03,-6.691404E-02
4.306000E+03,9.915727E-02
4.306500E+03,3.235251E-01
4.307000E+03,6.008215E-01
4.307500E+03,9.193984E-01
4.308000E+03,1.262097E+00
4.308500E+03,1.607616E+00
4.309000E+03,1.932320E+00
4.309500E+03,2.212283E+00
4.310000E+03,2.425376E+00
4.310500E+03,2.553200E+00
4.311000E+03,2.582714E+00
4.311500E+03,2.507443E+00
4.312000E+03,2.328176E+00
4.312500E+03,2.053113E+00
4.313000E+03,1.697435E+00
4.313500E+03,1.282309E+00
4.314000E+03,8.333600E-01
4.314500E+03,3.786948E-01
4.315000E+03,-5.340027E-02
4.315500E+03,-4.369011E-01
4.316000E+03,-7.504078E-01
4.316500E+03,-9.791690E-01
4.317000E+03,-1.116516E+00
4.317500E+03,-1.164494E+00
4.318000E+03,-1.133553E+00
4.318500E+03,-1.041286E+00
4.319000E+03,-9.103129E-01
4.319500E+03,-7.655634E-01
4.320000E+03,-6.312945E-01
4.320500E+03,-5.282470E-01
4.321000E+03,-4.713310E-01
4.321500E+03,-4.681653E-01
4.322000E+03,-5.186652E-01
4.322500E+03,-6.157100E-01
4.323000E+03,-7.467512E-01
4.323500E+03,-8.960725E-01
4.324000E+03,-1.047314E+00
4.324500E+03,-1.185839E+00
4.325000E+03,-1.300576E+00
4.325500E+03,-1.385048E+00
4.326000E+03,-1.437500E+00
4.326500E+03,-1.460155E+00
4.327000E+03,-1.457822E+00
4.327500E+03,-1.436165E+00
4.328000E+03,-1.400003E+00
4.328500E+03,-1.351969E+00
4.329000E+03,-1.291800E+00
4.329500E+03,-1.216359E+00
4.330000E+03,-1.120368E+00
4.330500E+03,-9.976884E-01
4.331000E+03,-8.428594E-01
4.331500E+03,-6.526021E-01
4.332000E+03,-4.269650E-01
4.332500E+03,-1.698949E-01
4.333000E+03,1.108853E-01
4.333500E+03,4.046731E-01
4.334000E+03,6.991115E-01
4.334500E+03,9.818050E-01
4.335000E+03,1.241935E+00
4.335500E+03,1.471595E+00
4.336000E+03,1.666611E+00
4.336500E+03,1.826725E+00
4.337000E+03,1.955119E+00
4.337500E+03,2.057376E+00
4.338000E+03,2.140074E+00
4.338500E+03,2.209256E+00
4.339000E+03,2.269041E+00
4.339500E+03,2.320591E+00
4.340000E+03,2.361601E+00
4.340500E+03,2.386379E+00
4.341000E+03,2.386469E+00
4.341500E+03,2.351718E+00
4.342000E+03,2.271607E+00
4.342500E+03,2.136627E+00
4.343000E+03,1.939537E+00
4.343500E+03,1.676317E+00
4.344000E+03,1.346755E+00
4.344500E+03,9.546241E-01
4.345000E+03,5.074958E-01
4.345500E+03,1.627573E-02
4.346000E+03,-5.054306E-01
4.346500E+03,-1.042019E+00
4.347000E+03,-1.576574E+00
4.347500E+03,-2.091499E+00
4.348000E+03,-2.569092E+00
4.348500E+03,-2.992094E+00
4.349000E+03,-3.344263E+00
4.349500E+03,-3.611008E+00
4.350000E+03,-3.780123E+00
4.350500E+03,-3.842580E+00
4.351000E+03,-3.793335E+00
4.351500E+03,-3.632045E+00
4.352000E+03,-3.363565E+00
4.352500E+03,-2.998117E+00
4.353000E+03,-2.551025E+00
4.353500E+03,-2.041975E+00
4.354000E+03,-1.493813E+00
4.354500E+03,-9.309801E-01
4.355000E+03,-3.777171E-01
4.355500E+03,1.437495E-01
4.356000E+03,6.148476E-01
4.356500E+03,1.021925E+00
4.357000E+03,1.356994E+00
4.357500E+03,1.617876E+00
4.358000E+03,1.807739E+00
4.358500E+03,1.934107E+00
4.359000E+03,2.007489E+00
4.359500E+03,2.039799E+00
4.360000E+03,2.042784E+00
4.360500E+03,2.026656E+00
4.361000E+03,1.999064E+00
4.361500E+03,1.964526E+00
4.362000E+03,1.924339E+00
4.362500E+03,1.876939E+00
4.363000E+03,1.818623E+00
4.363500E+03,1.744491E+00
4.364000E+03,1.649466E+00
4.364500E+03,1.529231E+00
4.365000E+03,1.380970E+00
4.365500E+03,1.203812E+00
4.366000E+03,9.989538E-01
4.366500E+03,7.694747E-01
4.367000E+03,5.199076E-01
4.367500E+03,2.556750E-01
4.368000E+03,-1.749418E-02
4.368500E+03,-2.940487E-01
4.369000E+03,-5.689055E-01
4.369500E+03,-8.374968E-01
4.370000E+03,-1.095575E+00
4.370500E+03,-1.338832E+00
4.371000E+03,-1.562432E+00
4.371500E+03,-1.760597E+00
4.372000E+03,-1.926378E+00
4.372500E+03,-2.051721E+00
4.373000E+03,-2.127908E+00
4.373500E+03,-2.146360E+00
4.374000E+03,-2.099745E+00
4.374500E+03,-1.983227E+00
4.375000E+03,-1.795689E+00
4.375500E+03,-1.540697E+00
4.376000E+03,-1.227012E+00
4.376500E+03,-8.685143E-01
4.377000E+03,-4.834513E-01
4.377500E+03,-9.305861E-02
4.378000E+03,2.803260E-01
4.378500E+03,6.154316E-01
4.379000E+03,8.942330E-01
4.379500E+03,1.103844E+00
4.380000E+03,1.237860E+00
4.380500E+03,1.296943E+00
4.381000E+03,1.288554E+00
4.381500E+03,1.225848E+00
4.382000E+03,1.125860E+00
4.382500E+03,1.007227E+00
4.383000E+03,8.877488E-01
4.383500E+03,7.821167E-01
4.384000E+03,7.001424E-01
4.384500E+03,6.457215E-01
4.385000E+03,6.166949E-01
4.385500E+03,6.056286E-01
4.386000E+03,6.014075E-01
4.386500E+03,5.914156E-01
4.387000E+03,5.639791E-01
4.387500E+03,5.107034E-01
4.388000E+03,4.283304E-01
4.388500E+03,3.198032E-01
4.389000E+03,1.943265E-01
4.389500E+03,6.635593E-02
4.390000E+03,-4.639010E-02
4.390500E+03,-1.256481E-01
4.391000E+03,-1.556787E-01
4.391500E+03,-1.262324E-01
4.392000E+03,-3.494586E-02
4.392500E+03,1.112423E-01
4.393000E+03,2.959380E-01
4.393500E+03,4.945118E-01
4.394000E+03,6.766005E-01
4.394500E+03,8.096055E-01
4.395000E+03,8.627427E-01
4.395500E+03,8.111063E-01
4.396000E+03,6.391872E-01
4.396500E+03,3.433576E-01
4.397000E+03,-6.702779E-02
4.397500E+03,-5.700737E-01
4.398000E+03,-1.133273E+00
4.398500E+03,-1.716667E+00
4.399000E+03,-2.276822E+00
4.399500E+03,-2.771120E+00
4.400000E+03,-3.161833E+00
4.400500E+03,-3.419520E+00
4.401000E+03,-3.525397E+00
4.401500E+03,-3.472487E+00
4.402000E+03,-3.265524E+00
4.402500E+03,-2.919724E+00
4.403000E+03,-2.458684E+00
4.403500E+03,-1.911700E+00
4.404000E+03,-1.310860E+00
4.404500E+03,-6.882162E-01
4.405000E+03,-7.331128E-02
4.405500E+03,5.087517E-01
4.406000E+03,1.038573E+00
4.406500E+03,1.503016E+00
4.407000E+03,1.895095E+00
4.407500E+03,2.213279E+00
4.408000E+03,2.460344E+00
4.408500E+03,2.641963E+00
4.409000E+03,2.765203E+00
4.409500E+03,2.837156E+00
4.410000E+03,2.863852E+00
4.410500E+03,2.849613E+00
4.411000E+03,2.796892E+00
4.411500E+03,2.706613E+00
4.412000E+03,2.578901E+00
4.412500E+03,2.414034E+00
4.413000E+03,2.213412E+00
4.413500E+03,1.980317E+00
4.414000E+03,1.720279E+00
4.414500E+03,1.440941E+00
4.415000E+03,1.151416E+00
4.415500E+03,8.612578E-01
4.416000E+03,5.792322E-01
4.416500E+03,3.121648E-01
4.417000E+03,6.410942E-02
4.417500E+03,-1.639570E-01
4.418000E+03,-3.738253E-01
4.418500E+03,-5.691753E-01
4.419000E+03,-7.543042E-01
4.419500E+03,-9.327346E-01
4.420000E+03,-1.106016E+00
4.420500E+03,-1.272998E+00
4.421000E+03,-1.429767E+00
4.421500E+03,-1.570260E+00
4.422000E+03,-1.687470E+00
4.422500E+03,-1.774939E+00
4.423000E+03,-1.828238E+00
4.423500E+03,-1.846061E+00
4.424000E+03,-1.830675E+00
4.424500E+03,-1.787601E+00
4.425000E+03,-1.724570E+00
4.425500E+03,-1.649984E+00
4.426000E+03,-1.571219E+00
4.426500E+03,-1.493172E+00
4.427000E+03,-1.417386E+00
4.427500E+03,-1.341997E+00
4.428000E+03,-1.262510E+00
4.428500E+03,-1.173270E+00
4.429000E+03,-1.069288E+00
4.429500E+03,-9.480054E-01
4.430000E+03,-8.105633E-01
4.430500E+03,-6.622598E-01
4.431000E+03,-5.120310E-01
4.431500E+03,-3.710142E-01
4.432000E+03,-2.504530E-01
4.432500E+03,-1.593563E-01
4.433000E+03,-1.023876E-01
4.433500E+03,-7.842484E-02
4.434000E+03,-8.010355E-02
4.434500E+03,-9.446357E-02
4.435000E+03,-1.046057E-01
4.435500E+03,-9.207608E-02
4.436000E+03,-3.956833E-02
4.436500E+03,6.650665E-02
4.437000E+03,2.339865E-01
4.437500E+03,4.637411E-01
4.438000E+03,7.493958E-01
4.438500E+03,1.077951E+00
4.439000E+03,1.431122E+00
4.439500E+03,1.787148E+00
4.440000E+03,2.122792E+00
4.440500E+03,2.415320E+00
4.441000E+03,2.644282E+00
4.441500E+03,2.793023E+00
4.442000E+03,2.849900E+00
4.442500E+03,2.809205E+00
4.443000E+03,2.671764E+00
4.443500E+03,2.445188E+00
4.444000E+03,2.143654E+00
4.444500E+03,1.787136E+00
4.445000E+03,1.399989E+00
4.445500E+03,1.008898E+00
4.446000E+03,6.402913E-01
4.446500E+03,3.174916E-01
4.447000E+03,5.794758E-02
4.447500E+03,-1.289990E-01
4.448000E+03,-2.434015E-01
4.448500E+03,-2.947323E-01
4.449000E+03,-3.005139E-01
4.449500E+03,-2.836657E-01
4.450000E+03,-2.689201E-01
4.450500E+03,-2.788598E-01
4.451000E+03,-3.302352E-01
4.451500E+03,-4.312116E-01
4.452000E+03,-5.800550E-01
4.452500E+03,-7.655253E-01
4.453000E+03,-9.689416E-01
4.453500E+03,-1.167578E+00
4.454000E+03,-1.338799E+00
4.454500E+03,-1.464203E+00
4.455000E+03,-1.533028E+00
4.455500E+03,-1.544220E+00
4.456000E+03,-1.506788E+00
4.456500E+03,-1.438387E+00
4.457000E+03,-1.362393E+00
4.457500E+03,-1.303959E+00
4.458000E+03,-1.285755E+00
4.458500E+03,-1.324074E+00
4.459000E+03,-1.425943E+00
4.459500E+03,-1.587654E+00
4.460000E+03,-1.794897E+00
4.460500E+03,-2.024409E+00
4.461000E+03,-2.246815E+00
4.461500E+03,-2.430198E+00
4.462000E+03,-2.543867E+00
4.462500E+03,-2.561797E+00
4.463000E+03,-2.465361E+00
4.463500E+03,-2.245077E+00
4.464000E+03,-1.901297E+00
4.464500E+03,-1.443880E+00
4.465000E+03,-8.910348E-01
4.465500E+03,-2.675603E-01
4.466000E+03,3.972597E-01
4.466500E+03,1.071873E+00
4.467000E+03,1.724595E+00
4.467500E+03,2.325530E+00
4.468000E+03,2.848197E+00
4.468500E+03,3.270806E+00
4.469000E+03,3.577193E+00
4.469500E+03,3.757399E+00
4.470000E+03,3.807929E+00
4.470500E+03,3.731700E+00
4.471000E+03,3.537701E+00
4.471500E+03,3.240397E+00
4.472000E+03,2.858899E+00
4.472500E+03,2.415918E+00
4.473000E+03,1.936530E+00
4.473500E+03,1.446787E+00
4.474000E+03,9.721965E-01
4.474500E+03,5.361397E-01
4.475000E+03,1.583036E-01
4.475500E+03,-1.467607E-01
4.476000E+03,-3.708112E-01
4.476500E+03,-5.126624E-01
4.477000E+03,-5.783565E-01
4.477500E+03,-5.806439E-01
4.478000E+03,-5.377252E-01
4.478500E+03,-4.713076E-01
4.479000E+03,-4.041339E-01
4.479500E+03,-3.572537E-01
4.480000E+03,-3.473803E-01
4.480500E+03,-3.847111E-01
4.481000E+03,-4.715545E-01
4.481500E+03,-6.020142E-01
4.482000E+03,-7.628285E-01
4.482500E+03,-9.352856E-01
4.483000E+03,-1.097953E+00
4.483500E+03,-1.229816E+00
4.484000E+03,-1.313338E+00
4.484500E+03,-1.336967E+00
4.485000E+03,-1.296682E+00
4.485500E+03,-1.196358E+00
4.486000E+03,-1.046930E+00
4.486500E+03,-8.645164E-01
4.487000E+03,-6.678845E-01
4.487500E+03,-4.757080E-01
4.488000E+03,-3.040951E-01
4.488500E+03,-1.647910E-01
4.489000E+03,-6.430683E-02
4.489500E+03,-4.030341E-03
4.490000E+03,1.881801E-02
4.490500E+03,9.682375E-03
4.491000E+03,-2.499144E-02
4.491500E+03,-7.918840E-02
4.492000E+03,-1.482167E-01
4.492500E+03,-2.288964E-01
4.493000E+03,-3.190573E-01
4.493500E+03,-4.165309E-01
4.494000E+03,-5.179452E-01
4.494500E+03,-6.176855E-01
4.495000E+03,-7.073563E-01
4.495500E+03,-7.759718E-01
4.496000E+03,-8.109429E-01
4.496500E+03,-7.997496E-01
4.497000E+03,-7.320236E-01
4.497500E+03,-6.016577E-01
4.498000E+03,-4.085266E-01
4.498500E+03,-1.594510E-01
4.499000E+03,1.318348E-01
4.499500E+03,4.457767E-01
4.500000E+03,7.590311E-01
4.500500E+03,1.047132E+00
4.501000E+03,1.287382E+00
4.501500E+03,1.461514E+00
4.502000E+03,1.557709E+00
4.502500E+03,1.571675E+00
4.503000E+03,1.506664E+00
4.503500E+03,1.372478E+00
4.504000E+03,1.183705E+00
4.504500E+03,9.575092E-01
4.505000E+03,7.114077E-01
4.505500E+03,4.613704E-01
4.506000E+03,2.205452E-01
4.506500E+03,-1.272582E-03
4.507000E+03,-1.974495E-01
4.507500E+03,-3.637777E-01
4.508000E+03,-4.974649E-01
4.508500E+03,-5.961625E-01
4.509000E+03,-6.573064E-01
4.509500E+03,-6.779543E-01
4.510000E+03,-6.551684E-01
4.510500E+03,-5.868505E-01
4.511000E+03,-4.728185E-01
4.511500E+03,-3.158426E-01
4.512000E+03,-1.223548E-01
4.512500E+03,9.739095E-02
4.513000E+03,3.298178E-01
4.513500E+03,5.591468E-01
4.514000E+03,7.689665E-01
4.514500E+03,9.439728E-01
4.515000E+03,1.071559E+00
4.515500E+03,1.142961E+00
4.516000E+03,1.153765E+00
4.516500E+03,1.103716E+00
4.517000E+03,9.959255E-01
4.517500E+03,8.357082E-01
4.518000E+03,6.293682E-01
4.518500E+03,3.832422E-01
4.519000E+03,1.032569E-01
4.519500E+03,-2.048888E-01
4.520000E+03,-5.349669E-01
4.520500E+03,-8.791088E-01
4.521000E+03,-1.226671E+00
4.521500E+03,-1.563463E+00
4.522000E+03,-1.871666E+00
4.522500E+03,-2.130649E+00
4.523000E+03,-2.318710E+00
4.523500E+03,-2.415520E+00
4.524000E+03,-2.404929E+00
4.524500E+03,-2.277617E+00
4.525000E+03,-2.033089E+00
4.525500E+03,-1.680611E+00
4.526000E+03,-1.238822E+00
4.526500E+03,-7.340371E-01
4.527000E+03,-1.974758E-01
4.527500E+03,3.381516E-01
4.528000E+03,8.421356E-01
4.528500E+03,1.288780E+00
4.529000E+03,1.659474E+00
4.529500E+03,1.943562E+00
4.530000E+03,2.137972E+00
4.530500E+03,2.245815E+00
4.531000E+03,2.274343E+00
4.531500E+03,2.232739E+00
4.532000E+03,2.130218E+00
4.532500E+03,1.974781E+00
4.533000E+03,1.772813E+00
4.533500E+03,1.529491E+00
4.534000E+03,1.249776E+00
4.534500E+03,9.396509E-01
4.535000E+03,6.072080E-01
4.535500E+03,2.632622E-01
4.536000E+03,-7.873468E-02
4.536500E+03,-4.035100E-01
4.537000E+03,-6.953889E-01
4.537500E+03,-9.400458E-01
4.538000E+03,-1.126250E+00
4.538500E+03,-1.247272E+00
4.539000E+03,-1.301703E+00
4.539500E+03,-1.293554E+00
4.540000E+03,-1.231657E+00
4.540500E+03,-1.128526E+00
4.541000E+03,-9.988887E-01
4.541500E+03,-8.581622E-01
4.542000E+03,-7.210818E-01
4.542500E+03,-6.006243E-01
4.543000E+03,-5.072727E-01
4.543500E+03,-4.485775E-01
4.544000E+03,-4.289178E-01
4.544500E+03,-4.493564E-01
4.545000E+03,-5.075158E-01
4.545500E+03,-5.974700E-01
4.546000E+03,-7.097175E-01
4.546500E+03,-8.313590E-01
4.547000E+03,-9.466179E-01
4.547500E+03,-1.037814E+00
4.548000E+03,-1.086822E+00
4.548500E+03,-1.076932E+00
4.549000E+03,-9.949378E-01
4.549500E+03,-8.331481E-01
4.550000E+03,-5.910128E-01
4.550500E+03,-2.760425E-01
4.551000E+03,9.620457E-02
4.551500E+03,5.031666E-01
4.552000E+03,9.172899E-01
4.552500E+03,1.308785E+00
4.553000E+03,1.648780E+00
4.553500E+03,1.912445E+00
4.554000E+03,2.081671E+00
4.554500E+03,2.146938E+00
4.555000E+03,2.108134E+00
4.555500E+03,1.974255E+00
4.556000E+03,1.762038E+00
4.556500E+03,1.493773E+00
4.557000E+03,1.194598E+00
4.557500E+03,8.896499E-01
4.558000E+03,6.014416E-01
4.558500E+03,3.477641E-01
4.559000E+03,1.403393E-01
4.559500E+03,-1.567760E-02
4.560000E+03,-1.213564E-01
4.560500E+03,-1.829301E-01
4.561000E+03,-2.102127E-01
4.561500E+03,-2.147519E-01
4.562000E+03,-2.079855E-01
4.562500E+03,-1.996550E-01
4.563000E+03,-1.966771E-01
4.563500E+03,-2.025998E-01
4.564000E+03,-2.176748E-01
4.564500E+03,-2.394823E-01
4.565000E+03,-2.639571E-01
4.565500E+03,-2.866008E-01
4.566000E+03,-3.036413E-01
4.566500E+03,-3.129109E-01
4.567000E+03,-3.142774E-01
4.567500E+03,-3.095517E-01
4.568000E+03,-3.019066E-01
4.568500E+03,-2.949506E-01
4.569000E+03,-2.916798E-01
4.569500E+03,-2.935702E-01
4.570000E+03,-3.000518E-01
4.570500E+03,-3.085306E-01
4.571000E+03,-3.150041E-01
4.571500E+03,-3.151773E-01
4.572000E+03,-3.058553E-01
4.572500E+03,-2.862989E-01
4.573000E+03,-2.592053E-01
4.573500E+03,-2.310223E-01
4.574000E+03,-2.114256E-01
4.574500E+03,-2.119539E-01
4.575000E+03,-2.439833E-01
4.575500E+03,-3.163769E-01
4.576000E+03,-4.332508E-01
4.576500E+03,-5.923100E-01
4.577000E+03,-7.841317E-01
4.577500E+03,-9.926158E-01
4.578000E+03,-1.196612E+00
4.578500E+03,-1.372511E+00
4.579000E+03,-1.497406E+00
4.579500E+03,-1.552306E+00
4.580000E+03,-1.524875E+00
4.580500E+03,-1.411240E+00
4.581000E+03,-1.216589E+00
4.581500E+03,-9.544804E-01
4.582000E+03,-6.450111E-01
4.582500E+03,-3.121810E-01
4.583000E+03,1.910745E-02
4.583500E+03,3.259383E-01
4.584000E+03,5.897525E-01
4.584500E+03,7.979196E-01
4.585000E+03,9.443988E-01
4.585500E+03,1.029538E+00
4.586000E+03,1.059194E+00
4.586500E+03,1.043426E+00
4.587000E+03,9.950300E-01
4.587500E+03,9.281153E-01
4.588000E+03,8.568771E-01
4.588500E+03,7.945900E-01
4.589000E+03,7.528065E-01
4.589500E+03,7.406939E-01
4.590000E+03,7.644555E-01
4.590500E+03,8.268223E-01
4.591000E+03,9.266576E-01
4.591500E+03,1.058770E+00
4.592000E+03,1.214048E+00
4.592500E+03,1.380021E+00
4.593000E+03,1.541883E+00
4.593500E+03,1.683914E+00
4.594000E+03,1.791170E+00
4.594500E+03,1.851186E+00
4.595000E+03,1.855416E+00
4.595500E+03,1.800170E+00
4.596000E+03,1.686835E+00
4.596500E+03,1.521338E+00
4.597000E+03,1.312935E+00
4.597500E+03,1.072530E+00
4.598000E+03,8.108553E-01
4.598500E+03,5.368592E-01
4.599000E+03,2.566003E-01
4.599500E+03,-2.713071E-02
4.600000E+03,-3.144151E-01
4.600500E+03,-6.071368E-01
4.601000E+03,-9.074815E-01
4.601500E+03,-1.216333E+00
4.602000E+03,-1.531912E+00
4.602500E+03,-1.848942E+00
4.603000E+03,-2.158512E+00
4.603500E+03,-2.448673E+00
4.604000E+03,-2.705611E+00
4.604500E+03,-2.915197E+00
4.605000E+03,-3.064578E+00
4.605500E+03,-3.143538E+00
4.606000E+03,-3.145415E+00
4.606500E+03,-3.067442E+00
4.607000E+03,-2.910568E+00
4.607500E+03,-2.678867E+00
4.608000E+03,-2.378757E+00
4.608500E+03,-2.018255E+00
4.609000E+03,-1.606432E+00
4.609500E+03,-1.153190E+00
4.610000E+03,-6.693281E-01
4.610500E+03,-1.668043E-01
4.611000E+03,3.409882E-01
4.611500E+03,8.391279E-01
4.612000E+03,1.311409E+00
4.612500E+03,1.741005E+00
4.613000E+03,2.111516E+00
4.613500E+03,2.408276E+00
4.614000E+03,2.619693E+00
4.614500E+03,2.738394E+00
4.615000E+03,2.761932E+00
4.615500E+03,2.692937E+00
4.616000E+03,2.538652E+00
4.616500E+03,2.309957E+00
4.617000E+03,2.020072E+00
4.617500E+03,1.683188E+00
4.618000E+03,1.313280E+00
4.618500E+03,9.233316E-01
4.619000E+03,5.250468E-01
4.619500E+03,1.290609E-01
4.620000E+03,-2.545018E-01
4.620500E+03,-6.153429E-01
4.621000E+03,-9.424401E-01
4.621500E+03,-1.223869E+00
4.622000E+03,-1.447150E+00
4.622500E+03,-1.600149E+00
4.623000E+03,-1.672434E+00
4.623500E+03,-1.656846E+00
4.624000E+03,-1.551000E+00
4.624500E+03,-1.358390E+00
4.625000E+03,-1.088828E+00
4.625500E+03,-7.580815E-01
4.626000E+03,-3.866728E-01
4.626500E+03,1.991038E-03
4.627000E+03,3.839021E-01
4.627500E+03,7.367950E-01
4.628000E+03,1.042190E+00
4.628500E+03,1.286835E+00
4.629000E+03,1.463351E+00
4.629500E+03,1.570049E+00
4.630000E+03,1.610008E+00
4.630500E+03,1.589666E+00
4.631000E+03,1.517211E+00
4.631500E+03,1.401090E+00
4.632000E+03,1.248911E+00
4.632500E+03,1.066883E+00
4.633000E+03,8.598379E-01
4.633500E+03,6.317417E-01
4.634000E+03,3.865023E-01
4.634500E+03,1.288310E-01
4.635000E+03,-1.350825E-01
4.635500E+03,-3.972685E-01
4.636000E+03,-6.481441E-01
4.636500E+03,-8.771373E-01
4.637000E+03,-1.073658E+00
4.637500E+03,-1.228233E+00
4.638000E+03,-1.333604E+00
4.638500E+03,-1.385581E+00
4.639000E+03,-1.383532E+00
4.639500E+03,-1.330436E+00
4.640000E+03,-1.232521E+00
4.640500E+03,-1.098595E+00
4.641000E+03,-9.391796E-01
4.641500E+03,-7.656002E-01
4.642000E+03,-5.891466E-01
4.642500E+03,-4.203741E-01
4.643000E+03,-2.685671E-01
4.643500E+03,-1.413448E-01
4.644000E+03,-4.436189E-02
4.644500E+03,1.893677E-02
4.645000E+03,4.753082E-02
4.645500E+03,4.299141E-02
4.646000E+03,9.549316E-03
4.646500E+03,-4.601053E-02
4.647000E+03,-1.147023E-01
4.647500E+03,-1.859864E-01
4.648000E+03,-2.487049E-01
4.648500E+03,-2.922349E-01
4.649000E+03,-3.077283E-01
4.649500E+03,-2.892590E-01
4.650000E+03,-2.346909E-01
4.650500E+03,-1.460992E-01
4.651000E+03,-2.964406E-02
4.651500E+03,1.051209E-01
4.652000E+03,2.464253E-01
4.652500E+03,3.817759E-01
4.653000E+03,4.995434E-01
4.653500E+03,5.903960E-01
4.654000E+03,6.483615E-01
4.654500E+03,6.713633E-01
4.655000E+03,6.611690E-01
4.655500E+03,6.227911E-01
4.656000E+03,5.634679E-01
4.656500E+03,4.914203E-01
4.657000E+03,4.146005E-01
4.657500E+03,3.396375E-01
4.658000E+03,2.711312E-01
4.658500E+03,2.113735E-01
4.659000E+03,1.604944E-01
4.659500E+03,1.169567E-01
4.660000E+03,7.827065E-02
4.660500E+03,4.177616E-02
4.661000E+03,5.348616E-03
4.661500E+03,-3.208720E-02
4.662000E+03,-7.029976E-02
4.662500E+03,-1.077630E-01
4.663000E+03,-1.419027E-01
4.663500E+03,-1.695060E-01
4.664000E+03,-1.872087E-01
4.664500E+03,-1.919718E-01
4.665000E+03,-1.814781E-01
4.665500E+03,-1.544024E-01
4.666000E+03,-1.105378E-01
4.666500E+03,-5.078693E-02
4.667000E+03,2.295377E-02
4.667500E+03,1.079769E-01
4.668000E+03,2.009732E-01
4.668500E+03,2.982296E-01
4.669000E+03,3.957939E-01
4.669500E+03,4.895939E-01
4.670000E+03,5.755180E-01
4.670500E+03,6.494746E-01
4.671000E+03,7.074574E-01
4.671500E+03,7.456436E-01
4.672000E+03,7.605490E-01
4.672500E+03,7.492486E-01
4.673000E+03,7.096542E-01
4.673500E+03,6.408203E-01
4.674000E+03,5.432289E-01
4.674500E+03,4.189925E-01
4.675000E+03,2.719166E-01
4.675500E+03,1.073705E-01
4.676000E+03,-6.805258E-02
4.676500E+03,-2.470693E-01
4.677000E+03,-4.223793E-01
4.677500E+03,-5.873814E-01
4.678000E+03,-7.368204E-01
4.678500E+03,-8.672460E-01
4.679000E+03,-9.771927E-01
4.679500E+03,-1.067031E+00
4.680000E+03,-1.138505E+00
4.680500E+03,-1.194032E+00
4.681000E+03,-1.235893E+00
4.681500E+03,-1.265473E+00
4.682000E+03,-1.282719E+00
4.682500E+03,-1.285919E+00
4.683000E+03,-1.271886E+00
4.683500E+03,-1.236504E+00
4.684000E+03,-1.175557E+00
4.684500E+03,-1.085668E+00
4.685000E+03,-9.651690E-01
4.685500E+03,-8.147255E-01
4.686000E+03,-6.375845E-01
4.686500E+03,-4.394002E-01
4.687000E+03,-2.276709E-01
4.687500E+03,-1.090179E-02
4.688000E+03,2.023427E-01
4.688500E+03,4.043208E-01
4.689000E+03,5.887798E-01
4.689500E+03,7.513211E-01
4.690000E+03,8.894507E-01
4.690500E+03,1.002379E+00
4.691000E+03,1.090686E+00
4.691500E+03,1.155971E+00
4.692000E+03,1.200610E+00
4.692500E+03,1.227647E+00
4.693000E+03,1.240812E+00
4.693500E+03,1.244563E+00
4.694000E+03,1.244025E+00
4.694500E+03,1.244699E+00
4.695000E+03,1.251854E+00
4.695500E+03,1.269606E+00
4.696000E+03,1.299810E+00
4.696500E+03,1.340945E+00
4.697000E+03,1.387287E+00
4.697500E+03,1.428619E+00
4.698000E+03,1.450705E+00
4.698500E+03,1.436586E+00
4.699000E+03,1.368646E+00
4.699500E+03,1.231187E+00
4.700000E+03,1.013128E+00
4.700500E+03,7.103735E-01
4.701000E+03,3.274182E-01
4.701500E+03,-1.221737E-01
4.702000E+03,-6.165631E-01
4.702500E+03,-1.127661E+00
4.703000E+03,-1.624112E+00
4.703500E+03,-2.074786E+00
4.704000E+03,-2.452254E+00
4.704500E+03,-2.735680E+00
4.705000E+03,-2.912734E+00
4.705500E+03,-2.980235E+00
4.706000E+03,-2.943525E+00
4.706500E+03,-2.814746E+00
4.707000E+03,-2.610409E+00
4.707500E+03,-2.348703E+00
4.708000E+03,-2.047056E+00
4.708500E+03,-1.720297E+00
4.709000E+03,-1.379699E+00
4.709500E+03,-1.032922E+00
4.710000E+03,-6.847372E-01
4.710500E+03,-3.382583E-01
4.711000E+03,3.679791E-03
4.711500E+03,3.373296E-01
4.712000E+03,6.573066E-01
4.712500E+03,9.564786E-01
4.713000E+03,1.226474E+00
4.713500E+03,1.458680E+00
4.714000E+03,1.645508E+00
4.714500E+03,1.781652E+00
4.715000E+03,1.865087E+00
4.715500E+03,1.897622E+00
4.716000E+03,1.884892E+00
4.716500E+03,1.835801E+00
4.717000E+03,1.761517E+00
4.717500E+03,1.674159E+00
4.718000E+03,1.585391E+00
4.718500E+03,1.505090E+00
4.719000E+03,1.440258E+00
4.719500E+03,1.394269E+00
4.720000E+03,1.366534E+00
4.720500E+03,1.352563E+00
4.721000E+03,1.344419E+00
4.721500E+03,1.331496E+00
4.722000E+03,1.301566E+00
4.722500E+03,1.241991E+00
4.723000E+03,1.141030E+00
4.723500E+03,9.891199E-01
4.724000E+03,7.800287E-01
4.724500E+03,5.117690E-01
4.725000E+03,1.871580E-01
4.725500E+03,-1.860533E-01
4.726000E+03,-5.955295E-01
4.726500E+03,-1.025172E+00
4.727000E+03,-1.456348E+00
4.727500E+03,-1.869404E+00
4.728000E+03,-2.245296E+00
4.728500E+03,-2.567150E+00
4.729000E+03,-2.821559E+00
4.729500E+03,-2.999468E+00
4.730000E+03,-3.096548E+00
4.730500E+03,-3.113040E+00
4.731000E+03,-3.053109E+00
4.731500E+03,-2.923850E+00
4.732000E+03,-2.734104E+00
4.732500E+03,-2.493274E+00
4.733000E+03,-2.210333E+00
4.733500E+03,-1.893149E+00
4.734000E+03,-1.548220E+00
4.734500E+03,-1.180812E+00
4.735000E+03,-7.954461E-01
4.735500E+03,-3.965931E-01
4.736000E+03,1.057899E-02
4.736500E+03,4.195803E-01
4.737000E+03,8.222499E-01
4.737500E+03,1.208783E+00
4.738000E+03,1.568169E+00
4.738500E+03,1.889004E+00
4.739000E+03,2.160550E+00
4.739500E+03,2.373894E+00
4.740000E+03,2.522990E+00
4.740500E+03,2.605414E+00
4.741000E+03,2.622680E+00
4.741500E+03,2.580041E+00
4.742000E+03,2.485792E+00
4.742500E+03,2.350175E+00
4.743000E+03,2.184063E+00
4.743500E+03,1.997645E+00
4.744000E+03,1.799332E+00
4.744500E+03,1.595072E+00
4.745000E+03,1.388176E+00
4.745500E+03,1.179665E+00
4.746000E+03,9.690381E-01
4.746500E+03,7.552891E-01
4.747000E+03,5.379270E-01
4.747500E+03,3.177842E-01
4.748000E+03,9.742314E-02
4.748500E+03,-1.189454E-01
4.749000E+03,-3.260146E-01
4.749500E+03,-5.182742E-01
4.750000E+03,-6.910347E-01
4.750500E+03,-8.413390E-01
4.751000E+03,-9.685388E-01
4.751500E+03,-1.074387E+00
4.752000E+03,-1.162609E+00
4.752500E+03,-1.238030E+00
4.753000E+03,-1.305450E+00
4.753500E+03,-1.368523E+00
4.754000E+03,-1.428879E+00
4.754500E+03,-1.485705E+00
4.755000E+03,-1.535878E+00
4.755500E+03,-1.574617E+00
4.756000E+03,-1.596498E+00
4.756500E+03,-1.596611E+00
4.757000E+03,-1.571559E+00
4.757500E+03,-1.520092E+00
4.758000E+03,-1.443218E+00
4.758500E+03,-1.343790E+00
4.759000E+03,-1.225671E+00
4.759500E+03,-1.092722E+00
4.760000E+03,-9.478749E-01
4.760500E+03,-7.925412E-01
4.761000E+03,-6.265427E-01
4.761500E+03,-4.485879E-01
4.762000E+03,-2.571976E-01
4.762500E+03,-5.184984E-02
4.763000E+03,1.659529E-01
4.763500E+03,3.919902E-01
4.764000E+03,6.192199E-01
4.764500E+03,8.383496E-01
4.765000E+03,1.039005E+00
4.765500E+03,1.211270E+00
4.766000E+03,1.347282E+00
4.766500E+03,1.442517E+00
4.767000E+03,1.496499E+00
4.767500E+03,1.512753E+00
4.768000E+03,1.498008E+00
4.768500E+03,1.460843E+00
4.769000E+03,1.410055E+00
4.769500E+03,1.353131E+00
4.770000E+03,1.295148E+00
4.770500E+03,1.238321E+00
4.771000E+03,1.182276E+00
4.771500E+03,1.124916E+00
4.772000E+03,1.063636E+00
4.772500E+03,9.965252E-01
4.773000E+03,9.232294E-01
4.773500E+03,8.452144E-01
4.774000E+03,7.653411E-01
4.774500E+03,6.868392E-01
4.775000E+03,6.119358E-01
4.775500E+03,5.405015E-01
4.776000E+03,4.690983E-01
4.776500E+03,3.907416E-01
4.777000E+03,2.955332E-01
4.777500E+03,1.721293E-01
4.778000E+03,9.808257E-03
4.778500E+03,-1.992480E-01
4.779000E+03,-4.579121E-01
4.779500E+03,-7.627351E-01
4.780000E+03,-1.103540E+00
4.780500E+03,-1.464103E+00
4.781000E+03,-1.823817E+00
4.781500E+03,-2.160069E+00
4.782000E+03,-2.450895E+00
4.782500E+03,-2.677472E+00
4.783000E+03,-2.826042E+00
4.783500E+03,-2.888987E+00
4.784000E+03,-2.864984E+00
4.784500E+03,-2.758305E+00
4.785000E+03,-2.577512E+00
4.785500E+03,-2.333868E+00
4.786000E+03,-2.039790E+00
4.786500E+03,-1.707610E+00
4.787000E+03,-1.348796E+00
4.787500E+03,-9.736416E-01
4.788000E+03,-5.913399E-01
4.788500E+03,-2.102536E-01
4.789000E+03,1.618121E-01
4.789500E+03,5.174928E-01
4.790000E+03,8.499897E-01
4.790500E+03,1.153427E+00
4.791000E+03,1.423344E+00
4.791500E+03,1.657183E+00
4.792000E+03,1.854600E+00
4.792500E+03,2.017497E+00
4.793000E+03,2.149697E+00
4.793500E+03,2.256314E+00
4.794000E+03,2.342887E+00
4.794500E+03,2.414457E+00
4.795000E+03,2.474719E+00
4.795500E+03,2.525392E+00
4.796000E+03,2.565898E+00
4.796500E+03,2.593344E+00
4.797000E+03,2.602796E+00
4.797500E+03,2.587755E+00
4.798000E+03,2.540746E+00
4.798500E+03,2.453964E+00
4.799000E+03,2.319925E+00
4.799500E+03,2.132110E+00
4.800000E+03,1.885621E+00
4.800500E+03,1.577846E+00
4.801000E+03,1.209119E+00
4.801500E+03,7.833254E-01
4.802000E+03,3.083350E-01
4.802500E+03,-2.038413E-01
4.803000E+03,-7.373125E-01
4.803500E+03,-1.273066E+00
4.804000E+03,-1.790238E+00
4.804500E+03,-2.267818E+00
4.805000E+03,-2.686592E+00
4.805500E+03,-3.031085E+00
4.806000E+03,-3.291180E+00
4.806500E+03,-3.463138E+00
4.807000E+03,-3.549822E+00
4.807500E+03,-3.560014E+00
4.808000E+03,-3.506907E+00
4.808500E+03,-3.405960E+00
4.809000E+03,-3.272457E+00
4.809500E+03,-3.119136E+00
4.810000E+03,-2.954275E+00
4.810500E+03,-2.780546E+00
4.811000E+03,-2.594817E+00
4.811500E+03,-2.388926E+00
4.812000E+03,-2.151311E+00
4.812500E+03,-1.869232E+00
4.813000E+03,-1.531242E+00
4.813500E+03,-1.129547E+00
4.814000E+03,-6.619074E-01
4.814500E+03,-1.328437E-01
4.815000E+03,4.460190E-01
4.815500E+03,1.056479E+00
4.816000E+03,1.675080E+00
4.816500E+03,2.275046E+00
4.817000E+03,2.828608E+00
4.817500E+03,3.309445E+00
4.818000E+03,3.695004E+00
4.818500E+03,3.968448E+00
4.819000E+03,4.120053E+00
4.819500E+03,4.147912E+00
4.820000E+03,4.057879E+00
4.820500E+03,3.862744E+00
4.821000E+03,3.580710E+00
4.821500E+03,3.233335E+00
4.822000E+03,2.843143E+00
4.822500E+03,2.431196E+00
4.823000E+03,2.014921E+00
4.823500E+03,1.606490E+00
4.824000E+03,1.211998E+00
4.824500E+03,8.315763E-01
4.825000E+03,4.604552E-01
4.825500E+03,9.084561E-02
4.826000E+03,-2.856398E-01
4.826500E+03,-6.754043E-01
4.827000E+03,-1.080555E+00
4.827500E+03,-1.497269E+00
4.828000E+03,-1.915164E+00
4.828500E+03,-2.317820E+00
4.829000E+03,-2.684435E+00
4.829500E+03,-2.992377E+00
4.830000E+03,-3.220238E+00
4.830500E+03,-3.350880E+00
4.831000E+03,-3.373973E+00
4.831500E+03,-3.287558E+00
4.832000E+03,-3.098365E+00
4.832500E+03,-2.820810E+00
4.833000E+03,-2.474832E+00
4.833500E+03,-2.082935E+00
4.834000E+03,-1.666975E+00
4.834500E+03,-1.245232E+00
4.835000E+03,-8.303250E-01
4.835500E+03,-4.283154E-01
4.836000E+03,-3.917613E-02
4.836500E+03,3.414821E-01
4.837000E+03,7.197596E-01
4.837500E+03,1.100410E+00
4.838000E+03,1.483983E+00
4.838500E+03,1.864743E+00
4.839000E+03,2.229827E+00
4.839500E+03,2.559853E+00
4.840000E+03,2.830961E+00
4.840500E+03,3.017971E+00
4.841000E+03,3.098149E+00
4.841500E+03,3.054939E+00
4.842000E+03,2.881008E+00
4.842500E+03,2.580075E+00
4.843000E+03,2.167167E+00
4.843500E+03,1.667275E+00
4.844000E+03,1.112582E+00
4.844500E+03,5.387527E-01
4.845000E+03,-1.913376E-02
4.845500E+03,-5.303447E-01
4.846000E+03,-9.713880E-01
4.846500E+03,-1.327645E+00
4.847000E+03,-1.593595E+00
4.847500E+03,-1.771754E+00
4.848000E+03,-1.870653E+00
4.848500E+03,-1.902356E+00
4.849000E+03,-1.880035E+00
4.849500E+03,-1.816065E+00
4.850000E+03,-1.720917E+00
4.850500E+03,-1.602958E+00
4.851000E+03,-1.468988E+00
4.851500E+03,-1.325221E+00
4.852000E+03,-1.178295E+00
4.852500E+03,-1.035906E+00
4.853000E+03,-9.067936E-01
4.853500E+03,-7.999459E-01
4.854000E+03,-7.231535E-01
4.854500E+03,-6.811943E-01
4.855000E+03,-6.740851E-01
4.855500E+03,-6.958585E-01
4.856000E+03,-7.342511E-01
4.856500E+03,-7.715223E-01
4.857000E+03,-7.863954E-01
4.857500E+03,-7.568774E-01
4.858000E+03,-6.635192E-01
4.858500E+03,-4.925666E-01
4.859000E+03,-2.384499E-01
4.859500E+03,9.483211E-02
4.860000E+03,4.936844E-01
4.860500E+03,9.362514E-01
4.861000E+03,1.394887E+00
4.861500E+03,1.839343E+00
4.862000E+03,2.240153E+00
4.862500E+03,2.571707E+00
4.863000E+03,2.814586E+00
4.863500E+03,2.956922E+00
4.864000E+03,2.994712E+00
4.864500E+03,2.931230E+00
4.865000E+03,2.775765E+00
4.865500E+03,2.542028E+00
4.866000E+03,2.246486E+00
4.866500E+03,1.906858E+00
4.867000E+03,1.540867E+00
4.867500E+03,1.165245E+00
4.868000E+03,7.949319E-01
4.868500E+03,4.423742E-01
4.869000E+03,1.168742E-01
4.869500E+03,-1.759929E-01
4.870000E+03,-4.347926E-01
4.870500E+03,-6.623217E-01
4.871000E+03,-8.652093E-01
4.871500E+03,-1.052917E+00
4.872000E+03,-1.236139E+00
4.872500E+03,-1.424737E+00
4.873000E+03,-1.625505E+00
4.873500E+03,-1.840144E+00
4.874000E+03,-2.063873E+00
4.874500E+03,-2.285029E+00
4.875000E+03,-2.485868E+00
4.875500E+03,-2.644570E+00
4.876000E+03,-2.738206E+00
4.876500E+03,-2.746218E+00
4.877000E+03,-2.653860E+00
4.877500E+03,-2.454970E+00
4.878000E+03,-2.153595E+00
4.878500E+03,-1.764139E+00
4.879000E+03,-1.309995E+00
4.879500E+03,-8.208806E-01
4.880000E+03,-3.293185E-01
4.880500E+03,1.331334E-01
4.881000E+03,5.393075E-01
4.881500E+03,8.689889E-01
4.882000E+03,1.110297E+00
4.882500E+03,1.259811E+00
4.883000E+03,1.321599E+00
4.883500E+03,1.305504E+00
4.884000E+03,1.225123E+00
4.884500E+03,1.095908E+00
4.885000E+03,9.337076E-01
4.885500E+03,7.538952E-01
4.886000E+03,5.710459E-01
4.886500E+03,3.989539E-01
4.887000E+03,2.507094E-01
4.887500E+03,1.385512E-01
4.888000E+03,7.330430E-02
4.888500E+03,6.336905E-02
4.889000E+03,1.134030E-01
4.889500E+03,2.229882E-01
4.890000E+03,3.856563E-01
4.890500E+03,5.886318E-01
4.891000E+03,8.135432E-01
4.891500E+03,1.038163E+00
4.892000E+03,1.239018E+00
4.892500E+03,1.394489E+00
4.893000E+03,1.487895E+00
4.893500E+03,1.509984E+00
4.894000E+03,1.460339E+00
4.894500E+03,1.347396E+00
4.895000E+03,1.186982E+00
4.895500E+03,9.996165E-01
4.896000E+03,8.070111E-01
4.896500E+03,6.283918E-01
4.897000E+03,4.773138E-01
4.897500E+03,3.595430E-01
4.898000E+03,2.723949E-01
4.898500E+03,2.056442E-01
4.899000E+03,1.438307E-01
4.899500E+03,6.952251E-02
4.900000E+03,-3.307303E-02
4.900500E+03,-1.748216E-01
4.901000E+03,-3.593013E-01
4.901500E+03,-5.817936E-01
4.902000E+03,-8.297979E-01
4.902500E+03,-1.084959E+00
4.903000E+03,-1.326043E+00
4.903500E+03,-1.532415E+00
4.904000E+03,-1.687394E+00
4.904500E+03,-1.780892E+00
4.905000E+03,-1.810894E+00
4.905500E+03,-1.783539E+00
4.906000E+03,-1.711834E+00
4.906500E+03,-1.613237E+00
4.907000E+03,-1.506581E+00
4.907500E+03,-1.408848E+00
4.908000E+03,-1.332374E+00
4.908500E+03,-1.282905E+00
4.909000E+03,-1.258828E+00
4.909500E+03,-1.251628E+00
4.910000E+03,-1.247459E+00
4.910500E+03,-1.229523E+00
4.911000E+03,-1.180823E+00
4.911500E+03,-1.086830E+00
4.912000E+03,-9.376492E-01
4.912500E+03,-7.293766E-01
4.913000E+03,-4.644819E-01
4.913500E+03,-1.512500E-01
4.914000E+03,1.975539E-01
4.914500E+03,5.665026E-01
4.915000E+03,9.394689E-01
4.915500E+03,1.301397E+00
4.916000E+03,1.639625E+00
4.916500E+03,1.944600E+00
4.917000E+03,2.209972E+00
4.917500E+03,2.432159E+00
4.918000E+03,2.609571E+00
4.918500E+03,2.741735E+00
4.919000E+03,2.828530E+00
4.919500E+03,2.869706E+00
4.920000E+03,2.864774E+00
4.920500E+03,2.813233E+00
4.921000E+03,2.715036E+00
4.921500E+03,2.571114E+00
4.922000E+03,2.383797E+00
4.922500E+03,2.156944E+00
4.923000E+03,1.895740E+00
4.923500E+03,1.606125E+00
4.924000E+03,1.293989E+00
4.924500E+03,9.642993E-01
4.925000E+03,6.203616E-01
4.925500E+03,2.634406E-01
4.926000E+03,-1.071314E-01
4.926500E+03,-4.932986E-01
4.927000E+03,-8.971412E-01
4.927500E+03,-1.319422E+00
4.928000E+03,-1.758071E+00
4.928500E+03,-2.206905E+00
4.929000E+03,-2.654846E+00
4.929500E+03,-3.085862E+00
4.930000E+03,-3.479709E+00
4.930500E+03,-3.813459E+00
4.931000E+03,-4.063633E+00
4.931500E+03,-4.208683E+00
4.932000E+03,-4.231489E+00
4.932500E+03,-4.121528E+00
4.933000E+03,-3.876417E+00
4.933500E+03,-3.502637E+00
4.934000E+03,-3.015333E+00
4.934500E+03,-2.437235E+00
4.935000E+03,-1.796840E+00
4.935500E+03,-1.126089E+00
4.936000E+03,-4.578094E-01
4.936500E+03,1.768000E-01
4.937000E+03,7.503992E-01
4.937500E+03,1.241273E+00
4.938000E+03,1.634516E+00
4.938500E+03,1.922606E+00
4.939000E+03,2.105373E+00
4.939500E+03,2.189446E+00
4.940000E+03,2.187256E+00
4.940500E+03,2.115707E+00
4.941000E+03,1.994612E+00
4.941500E+03,1.845020E+00
4.942000E+03,1.687512E+00
4.942500E+03,1.540603E+00
4.943000E+03,1.419335E+00
4.943500E+03,1.334188E+00
4.944000E+03,1.290392E+00
4.944500E+03,1.287727E+00
4.945000E+03,1.320823E+00
4.945500E+03,1.379964E+00
4.946000E+03,1.452299E+00
4.946500E+03,1.523345E+00
4.947000E+03,1.578590E+00
4.947500E+03,1.605028E+00
4.948000E+03,1.592420E+00
4.948500E+03,1.534160E+00
4.949000E+03,1.427652E+00
4.949500E+03,1.274216E+00
4.950000E+03,1.078564E+00
4.950500E+03,8.480200E-01
4.951000E+03,5.916106E-01
4.951500E+03,3.192119E-01
4.952000E+03,4.087096E-02
4.952500E+03,-2.336332E-01
4.953000E+03,-4.949940E-01
4.953500E+03,-7.344242E-01
4.954000E+03,-9.436638E-01
4.954500E+03,-1.115082E+00
4.955000E+03,-1.241977E+00
4.955500E+03,-1.319121E+00
4.956000E+03,-1.343515E+00
4.956500E+03,-1.315233E+00
4.957000E+03,-1.238174E+00
4.957500E+03,-1.120511E+00
4.958000E+03,-9.746505E-01
4.958500E+03,-8.165704E-01
4.959000E+03,-6.645237E-01
4.959500E+03,-5.372110E-01
4.960000E+03,-4.516441E-01
4.960500E+03,-4.210042E-01
4.961000E+03,-4.528333E-01
4.961500E+03,-5.478647E-01
4.962000E+03,-6.997062E-01
4.962500E+03,-8.954571E-01
4.963000E+03,-1.117180E+00
4.963500E+03,-1.344005E+00
4.964000E+03,-1.554549E+00
4.964500E+03,-1.729257E+00
4.965000E+03,-1.852347E+00
4.965500E+03,-1.913069E+00
4.966000E+03,-1.906179E+00
4.966500E+03,-1.831641E+00
4.967000E+03,-1.693709E+00
4.967500E+03,-1.499670E+00
4.968000E+03,-1.258520E+00
4.968500E+03,-9.798321E-01
4.969000E+03,-6.730155E-01
4.969500E+03,-3.470002E-01
4.970000E+03,-1.030901E-02
4.970500E+03,3.286476E-01
4.971000E+03,6.612532E-01
4.971500E+03,9.785391E-01
4.972000E+03,1.271343E+00
4.972500E+03,1.530810E+00
4.973000E+03,1.749162E+00
4.973500E+03,1.920570E+00
4.974000E+03,2.041921E+00
4.974500E+03,2.113263E+00
4.975000E+03,2.137779E+00
4.975500E+03,2.121241E+00
4.976000E+03,2.071021E+00
4.976500E+03,1.994822E+00
4.977000E+03,1.899403E+00
4.977500E+03,1.789547E+00
4.978000E+03,1.667508E+00
4.978500E+03,1.533068E+00
4.979000E+03,1.384196E+00
4.979500E+03,1.218179E+00
4.980000E+03,1.033006E+00
4.980500E+03,8.286851E-01
4.981000E+03,6.082234E-01
4.981500E+03,3.780466E-01
4.982000E+03,1.477340E-01
4.982500E+03,-7.089961E-02
4.983000E+03,-2.652315E-01
4.983500E+03,-4.235247E-01
4.984000E+03,-5.365976E-01
4.984500E+03,-5.991895E-01
4.985000E+03,-6.108062E-01
4.985500E+03,-5.759219E-01
4.986000E+03,-5.035273E-01
4.986500E+03,-4.061161E-01
4.987000E+03,-2.982775E-01
4.987500E+03,-1.951028E-01
4.988000E+03,-1.106168E-01
4.988500E+03,-5.641312E-02
4.989000E+03,-4.062600E-02
4.989500E+03,-6.731010E-02
4.990000E+03,-1.362520E-01
4.990500E+03,-2.431928E-01
4.991000E+03,-3.804125E-01
4.991500E+03,-5.376104E-01
4.992000E+03,-7.029972E-01
4.992500E+03,-8.645053E-01
4.993000E+03,-1.011008E+00
4.993500E+03,-1.133425E+00
4.994000E+03,-1.225594E+00
4.994500E+03,-1.284785E+00
4.995000E+03,-1.311790E+00
4.995500E+03,-1.310533E+00
4.996000E+03,-1.287262E+00
4.996500E+03,-1.249415E+00
4.997000E+03,-1.204343E+00
4.997500E+03,-1.158095E+00
4.998000E+03,-1.114489E+00
4.998500E+03,-1.074618E+00
4.999000E+03,-1.036903E+00
4.999500E+03,-9.976618E-01
5.000000E+03,-9.520686E-01
